FID,ID,x,y,z,d,txt
0,2,16.345473805899999,111.980666320000000,0.781678560000000,99.220980903699996,all
1,3,16.345467413000001,111.980665582000000,1.043729500000000,99.195219210199994,all
2,4,16.345461018700000,111.980664856000000,1.260011100000000,99.169094676000000,all
3,5,16.345454616700000,111.980664189000000,1.256798300000000,99.143332982600000,all
4,7,16.345435408800000,111.980662209000000,1.182098500000000,99.065322220699997,all
5,8,16.345429001599999,111.980661584000000,1.025177600000000,99.039197686500003,all
6,9,16.345422603900001,111.980660886000000,1.140841500000000,99.013435993100003,all
7,10,16.345384192699999,111.980656896000000,1.098960400000000,98.857777310100005,all
8,11,16.345332967000001,111.980651694000000,0.615946100000000,98.649869558700004,all
9,13,16.345300979099999,111.980648212000010,1.159504400000000,98.520335410000001,all
10,15,16.345211365200001,111.980638867000000,1.217912200000000,98.156768975700004,all
11,18,16.343257931499998,111.980437843000000,0.918447200000000,90.237043863799997,all
12,19,16.343174707500001,111.980429258000000,1.413171500000000,89.899964804400000,all
13,20,16.343097860299999,111.980421445000000,1.443933700000000,89.588284597799998,all
14,21,16.343021085899998,111.980413676000000,1.502882400000000,89.276967231900002,all
15,24,16.342969894300001,111.980408619000000,1.105305100000000,89.069422321199994,all
16,26,16.342918719400000,111.980403428000000,1.198399100000000,88.862240251399996,all
17,27,16.342893127699998,111.980400879000000,1.073559400000000,88.758467796100007,all
18,28,16.342886740499999,111.980400156000000,1.356699300000000,88.732343261899999,all
19,29,16.342848362200002,111.980396256000010,1.449771200000000,88.577047419699994,all
20,30,16.342841969199998,111.980395580000010,1.561683700000000,88.550922885500000,all
21,32,16.342803576900000,111.980391797000000,1.225904800000000,88.395264202500002,all
22,33,16.342784374899999,111.980389953000000,0.883422300000000,88.317616281400007,all
23,34,16.342726824400000,111.980384009999990,1.356100900000000,88.084309677299998,all
24,42,16.342675650299999,111.980378849999990,1.320553100000000,87.876764766700006,all
25,43,16.342662841799999,111.980377684999990,0.850238300000000,87.824878539099998,all
26,44,16.342656451700002,111.980376980000000,1.065461800000000,87.799116845599997,all
27,45,16.342650053800000,111.980376343000000,1.028898000000000,87.772992311400003,all
28,46,16.342643670800001,111.980375589000000,1.423204200000000,87.747230618000003,all
29,47,16.342630874499999,111.980374328000000,1.306069300000000,87.695344390299994,all
30,48,16.342624465699998,111.980373777000000,0.956037700000000,87.669582696899994,all
31,49,16.342592486499999,111.980370510000000,1.074326500000000,87.539685707299995,all
32,51,16.342573299600001,111.980368543000000,1.166365700000000,87.462037786200000,all
33,57,16.342502926500000,111.980361499000000,0.879582500000000,87.176844954499998,all
34,59,16.342490145500001,111.980360108000000,1.225944500000000,87.124958726900005,all
35,60,16.342483739100000,111.980359534000000,0.954564300000000,87.098834192699996,all
36,61,16.342470945500001,111.980358235000000,0.966363600000000,87.046947965000001,all
37,62,16.342470950199999,111.980358198000000,1.101595500000000,87.046947965000001,all
38,63,16.342464559200000,111.980357501000000,1.279895700000000,87.021186271600001,all
39,65,16.342432572800000,111.980354263000000,1.259833500000000,86.891652122799997,all
40,66,16.342419772000000,111.980353016000000,1.077426600000000,86.839765895100001,all
41,67,16.342413376900002,111.980352350000000,1.139244000000000,86.813641360899993,all
42,68,16.342400587400000,111.980351017999990,1.262001000000000,86.761755133299999,all
43,71,16.342355796100001,111.980346543000000,1.003651000000000,86.580334756900001,all
44,72,16.342349405099998,111.980345841000000,1.194986000000000,86.554573063399999,all
45,73,16.342343015400001,111.980345129000000,1.424885700000000,86.528448529200006,all
46,74,16.342336607099998,111.980344562000000,1.118983500000000,86.502686835800006,all
47,75,16.342323810000000,111.980343289999990,1.017602000000000,86.450800608099996,all
48,76,16.342317419299999,111.980342584000000,1.222432700000000,86.424676073900002,all
49,77,16.342298222499998,111.980340666000000,1.101828800000000,86.347028152799993,all
50,79,16.342298221000000,111.980340677000000,1.059298000000000,86.347028152799993,all
51,85,16.342208644799999,111.980331566999990,1.035915400000000,85.983824559200002,all
52,89,16.342195832100000,111.980330386000010,0.588157300000000,85.931938331599994,all
53,90,16.342183056900002,111.980328907000000,1.227680700000000,85.880052103899999,all
54,91,16.342176652500001,111.980328306999990,1.036334400000000,85.854290410499999,all
55,92,16.342170252799999,111.980327661999990,1.009797200000000,85.828165876300005,all
56,93,16.342157457100001,111.980326332999990,1.096646700000000,85.776279648599996,all
57,94,16.342151050100000,111.980325744000000,0.861955600000000,85.750517955199996,all
58,96,16.342151060199999,111.980325664000010,1.155479900000000,85.750517955199996,all
59,98,16.342138259100000,111.980324390000010,1.039149600000000,85.698631727500000,all
60,99,16.342119064300000,111.980322426000000,1.055968800000000,85.620620965699999,all
61,101,16.342112668199999,111.980321747999990,1.145657400000000,85.594859272199997,all
62,103,16.342099869500000,111.980320441999990,1.144908400000000,85.542973044600004,all
63,104,16.342093472300000,111.980319769999990,1.208819500000000,85.516848510399996,all
64,106,16.342074273200001,111.980317814000000,1.188666800000000,85.439200589300000,all
65,108,16.342042266200000,111.980314619000000,0.909227970000000,85.309303599700002,all
66,111,16.342029468400000,111.980313295000000,0.963028200000000,85.257417372099994,all
67,116,16.341984666799998,111.980308717000000,0.932460670000000,85.075996995699995,all
68,117,16.341978273399999,111.980308007999990,1.129563700000000,85.049872461500001,all
69,118,16.341959074399998,111.980306024000000,1.188564700000000,84.972224540400006,all
70,120,16.341952675500000,111.980305355000000,1.235438300000000,84.946100006199998,all
71,121,16.341914262600000,111.980301496000000,0.946111800000000,84.790441323200000,all
72,122,16.341901468500001,111.980300137000000,1.111773100000000,84.738555095600006,all
73,125,16.341888740900000,111.980298907999990,0.975609660000000,84.687031708700005,all
74,130,16.341850311599998,111.980294881000010,1.206247100000000,84.531010184899998,all
75,132,16.341831098699998,111.980292847000000,1.389450400000000,84.453362263800003,all
76,133,16.341831086999999,111.980292940000000,1.051882700000000,84.453362263800003,all
77,134,16.341824682900000,111.980292268000000,1.091188900000000,84.427237729599995,all
78,136,16.341818263000000,111.980291711000010,0.706941550000000,84.401113195400001,all
79,137,16.341811865699999,111.980290969000000,1.002132700000000,84.375351502000001,all
80,138,16.341805448199999,111.980290393000000,0.688906130000000,84.349226967800007,all
81,139,16.341792646700000,111.980288976000000,1.029828700000000,84.297340740099997,all
82,141,16.341773422799999,111.980287026000000,0.895490500000000,84.219329978299996,all
83,143,16.341754214600002,111.980284942000000,1.250493800000000,84.141319216400007,all
84,144,16.341747789100001,111.980284426000000,0.712857370000000,84.115557523000007,all
85,147,16.341722172000001,111.980281691000000,1.021757400000000,84.011785067700004,all
86,149,16.341696537499999,111.980279089000010,0.835887130000000,83.907649771600006,all
87,151,16.341683734800000,111.980277695000000,1.082487500000000,83.855763543899997,all
88,154,16.341638880300000,111.980273088000000,0.938039900000000,83.673980326800006,all
89,155,16.341638881400002,111.980273079000000,0.970514200000000,83.673980326800006,all
90,156,16.341638874699999,111.980273131000000,0.778318800000000,83.673980326800006,all
91,158,16.341613252799998,111.980270424000000,0.962471000000000,83.569845030699994,all
92,159,16.341613239899999,111.980270526000000,0.591748540000000,83.569845030699994,all
93,161,16.341594028999999,111.980268459000000,0.860071060000000,83.492197109599999,all
94,162,16.341568402000000,111.980265784000000,0.918054460000000,83.388061813600004,all
95,163,16.341561997100001,111.980265109000000,0.954150560000000,83.362300120100002,all
96,165,16.341555588199999,111.980264460000000,0.895703550000000,83.336175585899994,all
97,168,16.341536356100001,111.980262554000010,0.571923600000000,83.258164824000005,all
98,169,16.341517141400001,111.980260512000000,0.740075100000000,83.180516902899996,all
99,172,16.341504328199999,111.980259178000000,0.752208500000000,83.128267834499994,all
100,176,16.341478698700001,111.980256537000000,0.673470740000000,83.024495379200005,all
101,178,16.341465891399999,111.980255181999990,0.759660960000000,82.972609151599997,all
102,180,16.341446673800000,111.980253170000000,0.813219100000000,82.894598389699993,all
103,181,16.341446664799999,111.980253241000000,0.555171000000000,82.894598389699993,all
104,182,16.341440262199999,111.980252545000000,0.665474650000000,82.868473855500000,all
105,184,16.341427448200001,111.980251223000000,0.627186060000000,82.816587627900006,all
106,185,16.341427447699999,111.980251227000000,0.611626400000000,82.816587627900006,all
107,187,16.341401816800001,111.980248610999990,0.435895650000000,82.712815172500001,all
108,190,16.341312146700002,111.980239213000000,0.687159100000000,82.349248738200004,all
109,191,16.341312140500001,111.980239262000000,0.509593550000000,82.349248738200004,all
110,192,16.341299340500001,111.980237840000000,0.835027340000000,82.297362510599996,all
111,196,16.341273717100002,111.980235209000000,0.702460650000000,82.193227214499998,all
112,197,16.341267307399999,111.980234581999990,0.560924100000000,82.167465521099999,all
113,199,16.341241698600001,111.980231863000000,0.750346800000000,82.063693065799995,all
114,201,16.341235296899999,111.980231176000000,0.828242000000000,82.037568531500000,all
115,203,16.341216084599999,111.980229166000000,0.863092700000000,81.959557769699998,all
116,204,16.341203274900000,111.980227854000010,0.786153260000000,81.907671542000003,all
117,205,16.341196856200000,111.980227305000000,0.355329800000000,81.881909848600003,all
118,208,16.341190452999999,111.980226633000000,0.372420220000000,81.855785314399995,all
119,213,16.341126426999999,111.980219920000000,0.546790600000000,81.595991335400001,all
120,214,16.341100805699998,111.980217350000000,0.195118400000000,81.492218880099998,all
121,216,16.341068803900001,111.980213953000000,0.433055900000000,81.362684731300007,all
122,217,16.341068791900000,111.980214047000000,0.088852220000000,81.362321890499999,all
123,219,16.341062399399998,111.980213308000000,0.352227400000000,81.336560197099999,all
124,220,16.341036816300001,111.980210481000000,0.947874840000000,81.232787741799996,all
125,222,16.340998397100002,111.980206596000000,0.536842940000000,81.077129058799997,all
126,226,16.340940784899999,111.980200714000010,0.136022120000000,80.843459613999997,all
127,232,16.340857597799999,111.980192118000010,-0.054517224000000,80.506017713899993,all
128,235,16.340832029400001,111.980189301000000,0.527172860000000,80.402608099299997,all
129,237,16.340800045799998,111.980185993000010,0.474915680000000,80.272711109799999,all
130,240,16.340793642700000,111.980185382000000,0.281267820000000,80.246949416400000,all
131,241,16.340787241400001,111.980184757999990,0.133443820000000,80.220824882200006,all
132,242,16.340787259799999,111.980184613000010,0.663481500000000,80.220824882200006,all
133,245,16.340748874999999,111.980180720000010,0.334168550000000,80.065166199199993,all
134,247,16.340723290800000,111.980178092000000,0.241085510000000,79.961756584699998,all
135,248,16.340704106699999,111.980176114000000,0.196544930000000,79.883745822799995,all
136,250,16.340678512400000,111.980173607000000,-0.329817120000000,79.779973367500006,all
137,251,16.340672138999999,111.980172784999990,0.252105000000000,79.754211674000004,all
138,252,16.340665744500001,111.980172130000000,0.223471300000000,79.728449980600004,all
139,253,16.340659324800001,111.980171674999990,-0.533699400000000,79.702325446399996,all
140,254,16.340640165600000,111.980169530000000,0.046118967000000,79.624677525300001,all
141,255,16.340621007500001,111.980167395000000,0.589777350000000,79.547029604200006,all
142,257,16.340595345099999,111.980164880999990,0.060768910000000,79.442894308099994,all
143,265,16.340525106499999,111.980157625000000,0.047856130000000,79.158064317200001,all
144,268,16.340505951699999,111.980155650000000,0.033914560000000,79.080416396000004,all
145,269,16.340493191600000,111.980154268000010,0.267622980000000,79.028530168399996,all
146,271,16.340467655699999,111.980151647000000,0.217680990000000,78.925120553799999,all
147,275,16.340429355000001,111.980147711000000,0.171003880000000,78.769824711599995,all
148,276,16.340422973399999,111.980147044000010,0.206020800000000,78.744063018199995,all
149,278,16.340410217900001,111.980145651000000,0.488459230000000,78.692176790500000,all
150,279,16.340403833500002,111.980145009000000,0.433020530000000,78.666415097100000,all
151,285,16.340333616799999,111.980137930000000,-0.100616640000000,78.381585106100005,all
152,286,16.340333614500000,111.980137948000010,-0.166229720000000,78.381585106100005,all
153,287,16.340320865100001,111.980136531000000,0.217282200000000,78.330061719200003,all
154,288,16.340314483800000,111.980135876000010,0.216345820000000,78.304300025800003,all
155,290,16.340308097899999,111.980135258000000,0.078148240000000,78.278175491599995,all
156,293,16.340288958500000,111.980133262000000,0.183291390000000,78.200527570500000,all
157,296,16.340250670800000,111.980129367999990,0.052963898000000,78.045594569000002,all
158,297,16.340250651800002,111.980129518000000,-0.495044470000000,78.045594569000002,all
159,299,16.340237909100001,111.980128058999990,0.053276405000000,77.993708341300007,all
160,300,16.340237911100001,111.980128042000000,0.112797470000000,77.993708341300007,all
161,302,16.340225149199998,111.980126752000000,0.047135755000000,77.941822113699999,all
162,303,16.340218760999999,111.980126160000000,-0.181479960000000,77.916060420199997,all
163,305,16.340206010799999,111.980124773000000,0.108448220000000,77.864537033299996,all
164,312,16.340154958599999,111.980119669999990,-0.344869200000000,77.657354963499998,all
165,313,16.340154972699999,111.980119558000000,0.063915390000000,77.657354963499998,all
166,316,16.340135828000001,111.980117637000010,-0.071822755000000,77.580069883099995,all
167,317,16.340123066800000,111.980116355000010,-0.154902700000000,77.528183655500001,all
168,318,16.340110314600000,111.980114994999990,0.047531380000000,77.476297427800006,all
169,319,16.340065642999999,111.980110553000000,-0.393890140000000,77.295239892200001,all
170,322,16.340046507000000,111.980108582000000,-0.329460920000000,77.217954811799999,all
171,323,16.340027385199999,111.980106508000010,0.114611060000000,77.140306890700003,all
172,324,16.340027376199998,111.980106578999990,-0.145803150000000,77.140306890700003,all
173,326,16.340014617200001,111.980105273000010,-0.125617740000000,77.088420663099996,all
174,327,16.340014627799999,111.980105189000000,0.180308680000000,77.088420663099996,all
175,328,16.339995489100001,111.980103250000000,0.136910660000000,77.010772742000000,all
176,330,16.339989109499999,111.980102602000000,0.131236580000000,76.985011048499999,all
177,334,16.339918931500002,111.980095503000000,-0.033264957000000,76.700543898299998,all
178,335,16.339899803500000,111.980093479999990,0.250813600000000,76.622895977200002,all
179,337,16.339867890400001,111.980090352000000,-0.163054320000000,76.493724669200006,all
180,338,16.339855147100000,111.980088927000000,0.309490200000000,76.442201282300005,all
181,339,16.339855148800002,111.980088913000000,0.360052100000000,76.442201282300005,all
182,340,16.339848762399999,111.980088316000010,0.173612580000000,76.416076748099997,all
183,341,16.339848761999999,111.980088319000000,0.162418110000000,76.416076748099997,all
184,345,16.339791332299999,111.980082560000000,-0.077264205000000,76.183495825500003,all
185,346,16.339784967400000,111.980081791000000,0.370390420000000,76.157371291299995,all
186,349,16.339772199100000,111.980080563000000,0.132212490000000,76.105847904399994,all
187,352,16.339708399300001,111.980074046000000,0.341778900000000,75.847142447699994,all
188,353,16.339708392500000,111.980074100000000,0.146010250000000,75.847142447699994,all
189,354,16.339689231700000,111.980072295000000,-0.336811180000000,75.769494526499997,all
190,356,16.339670102900001,111.980070243000000,0.093807350000000,75.691846605400002,all
191,357,16.339657337900000,111.980068964000000,0.051155380000000,75.640323218500001,all
192,361,16.339580753200000,111.980061199000000,0.172146440000000,75.329731534100006,all
193,362,16.339555228700000,111.980058561000010,0.406489400000000,75.226321919599997,all
194,363,16.339555207600000,111.980058727000000,-0.202991830000000,75.226321919599997,all
195,364,16.339536058200000,111.980056809999990,-0.251754820000000,75.148673998500001,all
196,365,16.339529680500000,111.980056120000000,-0.078094974000000,75.122912305000000,all
197,366,16.339504143799999,111.980053553000000,-0.099121610000000,75.019139849699997,all
198,367,16.339484980300000,111.980051706000000,-0.398807640000000,74.941491928600001,all
199,370,16.339395597700001,111.980042622000000,-0.064403530000000,74.579376857300005,all
200,376,16.339331812299999,111.980036251000000,-0.324410680000000,74.320671400500004,all
201,378,16.339299825200001,111.980033219000010,-0.935209200000000,74.191137251800001,all
202,379,16.339293456400000,111.980032380000000,-0.203799250000000,74.165375558299999,all
203,382,16.339255083800001,111.980028581000000,-0.343991520000000,74.009716875400002,all
204,383,16.339255085300000,111.980028569000000,-0.301266300000000,74.009716875400002,all
205,385,16.339229509399999,111.980025979000000,-0.180412140000000,73.905944420099999,all
206,386,16.339223116900001,111.980025307999990,-0.063020990000000,73.880182726599998,all
207,387,16.339203928100002,111.980023399999990,-0.099502320000000,73.802534805500002,all
208,390,16.339171937200000,111.980020286000000,-0.398513970000000,73.672637816000005,all
209,392,16.339152752499999,111.980018324000000,-0.236509590000000,73.594989894899996,all
210,393,16.339146350499998,111.980017724000010,-0.378573300000000,73.569228201399994,all
211,394,16.339139951200000,111.980017102999990,-0.443440500000000,73.543103667200000,all
212,397,16.339114369899999,111.980014479999990,-0.202723230000000,73.439331211899997,all
213,398,16.339114371499999,111.980014469000000,-0.159050510000000,73.439331211899997,all
214,399,16.339095172499999,111.980012618999990,-0.404008030000000,73.361683290800002,all
215,400,16.339088782299999,111.980011918000000,-0.179760470000000,73.335558756599994,all
216,401,16.339075983000001,111.980010663000000,-0.265541320000000,73.283672529000000,all
217,404,16.339043991000000,111.980007464000000,-0.251069280000000,73.154138380199996,all
218,405,16.339018389900001,111.980004949000000,-0.403941600000000,73.050365924900007,all
219,408,16.338992798600000,111.980002345000000,-0.231949660000000,72.946593469600003,all
220,410,16.338954377600000,111.979998691000010,-0.902688560000000,72.790934786600005,all
221,412,16.338941590800001,111.979997299000000,-0.490144300000000,72.739048558999997,all
222,414,16.338903183100001,111.979993509000000,-0.663272800000000,72.583389875999998,all
223,417,16.338871187300001,111.979990265000000,-0.503205540000000,72.453855727299995,all
224,418,16.338845586800002,111.979987663000000,-0.352508500000000,72.350083272000006,all
225,419,16.338839187800001,111.979987005000000,-0.286079800000000,72.323958737699996,all
226,420,16.338839186100000,111.979987018000000,-0.335708560000000,72.323958737699996,all
227,421,16.338832774699998,111.979986465000000,-0.652075800000000,72.298197044299997,all
228,422,16.338832771800000,111.979986487000010,-0.733576400000000,72.298197044299997,all
229,423,16.338819979400000,111.979985122000000,-0.427957120000000,72.246310816600001,all
230,426,16.338787978999999,111.979981855000010,-0.193225200000000,72.116413827100004,all
231,427,16.338775166200001,111.979980643000000,-0.451379480000000,72.064527599499996,all
232,428,16.338749562800000,111.979978040000010,-0.309422140000000,71.960755144199993,all
233,432,16.338704752600002,111.979973507000000,-0.155462610000000,71.779334767799995,all
234,434,16.338653528700000,111.979968403000000,-0.277270300000000,71.571427016399994,all
235,436,16.338627924000001,111.979965777999990,-0.077273580000000,71.467654561100005,all
236,439,16.338576692899998,111.979960688000010,-0.283942250000000,71.260109650499999,all
237,440,16.338576689000000,111.979960719000000,-0.396962850000000,71.260109650499999,all
238,441,16.338551053700002,111.979958318000000,-1.037798000000000,71.156337195199995,all
239,443,16.338422998300000,111.979945323000000,-0.709789900000000,70.637112077899999,all
240,446,16.338250095700001,111.979927891000000,-0.972059600000000,69.936466584200005,all
241,447,16.338218082699999,111.979924604000000,-0.843610300000000,69.806569594699994,all
242,451,16.338122027499999,111.979914867000010,-1.003121100000000,69.417241466899995,all
243,453,16.338102807300000,111.979912981000000,-1.277681500000000,69.339230705000006,all
244,454,16.338064383999999,111.979909092000000,-1.406108000000000,69.183572022099995,all
245,455,16.338057973400002,111.979908497000000,-1.625535000000000,69.157447487900001,all
246,457,16.338045068500001,111.979907166999990,-1.477557900000000,69.105198419499999,all
247,458,16.338045088499999,111.979907017000000,-0.928857200000000,69.105198419499999,all
248,459,16.338025895000001,111.979905109000000,-1.154680700000000,69.027550498400004,all
249,460,16.338019487299999,111.979904546000000,-1.497353400000000,69.001425964199996,all
250,462,16.337987507099999,111.979901270000000,-1.540631300000000,68.871891815400005,all
251,467,16.337878771700002,111.979890141000000,-1.823100200000000,68.431040300700005,all
252,468,16.337865983400000,111.979888786999990,-1.704969900000000,68.379154073099997,all
253,469,16.337853189499999,111.979887491000000,-1.800915400000000,68.327267845400002,all
254,470,16.337834007700000,111.979885463000000,-1.640127100000000,68.249619924300006,all
255,472,16.337821216799998,111.979884134000000,-1.617605900000000,68.197733696699999,all
256,473,16.337795637599999,111.979881472000000,-1.567076400000000,68.093961241399995,all
257,476,16.337731682099999,111.979874788999990,-1.381695000000000,67.834530103099993,all
258,480,16.337674113700000,111.979868799000000,-1.349559100000000,67.601223499000000,all
259,481,16.337667720300001,111.979868114000000,-1.275952300000000,67.575461805600000,all
260,484,16.337565361900001,111.979857460000010,-1.306267000000000,67.160371984299999,all
261,486,16.337526968999999,111.979853484000000,-1.421737600000000,67.004713301400002,all
262,489,16.337469368899999,111.979847539999990,-1.693513000000000,66.771043856600002,all
263,490,16.337456581200001,111.979846112999990,-1.369207300000000,66.719157628900007,all
264,491,16.337398968700001,111.979840184000000,-1.738021000000000,66.485488184100006,all
265,492,16.337392579300001,111.979839424999990,-1.416749700000000,66.459726490600005,all
266,493,16.337322154599999,111.979832141000000,-1.775678300000000,66.174170818199997,all
267,494,16.337309350799998,111.979830804000000,-1.796539900000000,66.122284590500001,all
268,495,16.337296556700000,111.979829377000000,-1.493175900000000,66.070398362899994,all
269,497,16.337277348099999,111.979827367000000,-1.516208400000000,65.992387601000004,all
270,499,16.337251723500000,111.979824775000000,-1.875102900000000,65.888615145700001,all
271,505,16.337123637099999,111.979811281000000,-1.779226100000000,65.369027187699999,all
272,506,16.337117230299999,111.979810613000000,-1.800634100000000,65.343265494199997,all
273,510,16.336976272899999,111.979795688000000,-1.507667900000000,64.771428467800007,all
274,511,16.336963423800000,111.979794577000010,-2.383509000000000,64.719542240099997,all
275,512,16.336963437200001,111.979794471999990,-1.997314700000000,64.719542240099997,all
276,516,16.336944234299999,111.979792262000000,-1.322610100000000,64.641531478199994,all
277,517,16.336924982799999,111.979790394999990,-1.906862400000000,64.563520716400006,all
278,518,16.336924997800001,111.979790277000010,-1.474429500000000,64.563520716400006,all
279,521,16.336905758200000,111.979788321000000,-1.732023000000000,64.485509954500003,all
280,524,16.336892948599999,111.979786874000000,-1.381629600000000,64.433623726899995,all
281,525,16.336848069100000,111.979782134000000,-1.347642200000000,64.251477668999996,all
282,526,16.336848061100000,111.979782198000000,-1.578764200000000,64.251477668999996,all
283,527,16.336835224000001,111.979780948000000,-1.951435100000000,64.199591441300001,all
284,528,16.336822407300001,111.979779540000000,-1.745674300000000,64.147705213699993,all
285,530,16.336809590000001,111.979778126000000,-1.516554500000000,64.095456145300005,all
286,531,16.336796745000001,111.979776918000000,-2.041018200000000,64.043569917599996,all
287,533,16.336783936600000,111.979775432000000,-1.551678500000000,63.991683689900000,all
288,534,16.336777498600000,111.979774950000010,-2.259409400000000,63.965559155699999,all
289,535,16.336758377599999,111.979772944000000,-2.274691600000000,63.887911234599997,all
290,536,16.336751976100000,111.979772099000000,-1.660317300000000,63.862149541199997,all
291,537,16.336732703999999,111.979770106999990,-1.804802700000000,63.783775938600002,all
292,539,16.336726264599999,111.979769565000000,-2.295999000000000,63.757651404400001,all
293,543,16.336694175700000,111.979765942000000,-1.426702100000000,63.627754414899997,all
294,552,16.336597794799999,111.979755905000000,-1.850294100000000,63.236974924099997,all
295,553,16.336572097299999,111.979753165000010,-1.726411900000000,63.132476787300000,all
296,554,16.336565649899999,111.979752662000000,-2.363622700000000,63.106352253099999,all
297,559,16.336488563500001,111.979744416000000,-1.876442000000000,62.793946364900002,all
298,560,16.336475707900000,111.979743090000000,-1.970183400000000,62.741697296500000,all
299,561,16.336469286700002,111.979742378000000,-1.838757800000000,62.715572762299999,all
300,563,16.336449975699999,111.979740625000010,-2.838453500000000,62.637562000400003,all
301,568,16.336411450000000,111.979736349000010,-2.016850700000000,62.481177635900004,all
302,577,16.336244416700001,111.979718709000000,-1.593372800000000,61.803753950400001,all
303,578,16.336244409199999,111.979718768000000,-1.809855000000000,61.803753950400001,all
304,579,16.336218719200001,111.979716042000010,-1.678875700000000,61.699618654399998,all
305,580,16.336205873899999,111.979714683000000,-1.625614500000000,61.647369586000003,all
306,581,16.336173744200000,111.979711432000000,-2.025347200000000,61.517109755699998,all
307,583,16.336160888300000,111.979710170999990,-2.324575700000000,61.465223528000003,all
308,584,16.336160907499998,111.979710020000000,-1.771360500000000,61.465223528000003,all
309,587,16.336128784400000,111.979706756000000,-2.108686400000000,61.334963697799999,all
310,588,16.336128768199998,111.979706884000000,-2.577063600000000,61.334963697799999,all
311,589,16.336122383999999,111.979705917000000,-1.491828700000000,61.308839163599998,all
312,590,16.336115956299999,111.979705292999990,-1.664460300000000,61.283077470099997,all
313,594,16.336077426300001,111.979701318000000,-1.831640100000000,61.126693105699999,all
314,598,16.336058152100001,111.979699409999990,-2.204117000000000,61.048682343800003,all
315,600,16.336045301900000,111.979698150999990,-2.497613200000000,60.996433275400001,all
316,601,16.336038903900000,111.979697311000000,-1.870529300000000,60.970671581900000,all
317,605,16.335968290899999,111.979690026000000,-2.121437800000000,60.684390227999998,all
318,606,16.335961886500002,111.979689255000000,-1.743480700000000,60.658265693799997,all
319,610,16.335942637700001,111.979687234000000,-1.674113800000000,60.580254931900001,all
320,614,16.335891303499999,111.979681955000000,-1.872245300000000,60.371984339800001,all
321,619,16.335827162699999,111.979675339000000,-2.012741600000000,60.111827519999999,all
322,621,16.335820778500000,111.979674450999990,-1.195350200000000,60.086065826599999,all
323,622,16.335814340199999,111.979673991000000,-1.942224500000000,60.059941292399998,all
324,628,16.335737418200001,111.979665983999990,-1.781890900000000,59.748261085700001,all
325,629,16.335730995900001,111.979665426000000,-2.163788600000000,59.722136551500000,all
326,631,16.335705377499998,111.979662658000000,-1.728153100000000,59.618364096199997,all
327,633,16.335686143299998,111.979660765999990,-2.069888000000000,59.540353334300001,all
328,635,16.335686156300000,111.979660663000000,-1.695627700000000,59.540353334300001,all
329,637,16.335660513800001,111.979658163000000,-2.224104200000000,59.436218038299998,all
330,638,16.335660535300001,111.979657993999990,-1.604352500000000,59.436218038299998,all
331,639,16.335641320499999,111.979656005000000,-1.579906700000000,59.358570117200003,all
332,642,16.335615692899999,111.979653438000000,-1.848977700000000,59.254434821099998,all
333,643,16.335609292600001,111.979652750000000,-1.746642100000000,59.228673127699999,all
334,645,16.335596499200001,111.979651324000000,-1.356520700000000,59.176786900000003,all
335,646,16.335596481800000,111.979651461000000,-1.857085500000000,59.176786900000003,all
336,647,16.335583697000001,111.979649976999990,-1.253844300000000,59.124900672300001,all
337,649,16.335558068099999,111.979647513000000,-1.881933900000000,59.021128216999998,all
338,650,16.335551681799998,111.979646728000010,-1.420681500000000,58.995003682799997,all
339,655,16.335506883000001,111.979642111999990,-1.382756200000000,58.813583306399998,all
340,657,16.335487557699999,111.979640161000010,-1.616041900000000,58.735209703800003,all
341,658,16.335487569400001,111.979640069000000,-1.279501900000000,58.735209703800003,all
342,659,16.335481181799999,111.979639400000000,-1.225579700000000,58.709085169600002,all
343,660,16.335474791700001,111.979638746000010,-1.225832700000000,58.683323476200002,all
344,662,16.335468392599999,111.979638165000000,-1.493082800000000,58.657198942000001,all
345,664,16.335449226800002,111.979636205000010,-1.494311100000000,58.579551020899999,all
346,665,16.335449230399998,111.979636176000000,-1.389920000000000,58.579551020899999,all
347,667,16.335430058899998,111.979634274000010,-1.599705200000000,58.501903099700002,all
348,668,16.335385359699998,111.979629630999990,-1.324217700000000,58.320845564099997,all
349,670,16.335359817099999,111.979627029000000,-1.344715500000000,58.217073108800001,all
350,681,16.335270455600000,111.979617897000000,-1.264107000000000,57.854958037499998,all
351,682,16.335257698500001,111.979616562999990,-1.138434200000000,57.803071809800002,all
352,685,16.335232166800001,111.979614054000000,-1.465277400000000,57.699662195300000,all
353,686,16.335225790599999,111.979613376000000,-1.357571400000000,57.673900501799999,all
354,687,16.335219409299999,111.979612739000000,-1.401389000000000,57.648138808399999,all
355,688,16.335213042500001,111.979611998000000,-1.065820300000000,57.622014274199998,all
356,690,16.335187513499999,111.979609497000000,-1.410132600000000,57.518604659600001,all
357,691,16.335155633799999,111.979606178000000,-1.127856100000000,57.389433351599997,all
358,693,16.335110973999999,111.979601810000010,-1.741862400000000,57.208375815899998,all
359,694,16.335110986699998,111.979601711000000,-1.377462400000000,57.208375815899998,all
360,696,16.334983516699999,111.979588616000000,-0.803627700000000,56.691690583899998,all
361,697,16.334977134599999,111.979588040000000,-1.061364700000000,56.665928890499998,all
362,698,16.334958027100001,111.979586012000000,-0.734032700000000,56.588280969400003,all
363,700,16.334945267399998,111.979584825000000,-1.119060000000000,56.536757582500002,all
364,701,16.334926139299998,111.979582980999990,-1.461879500000000,56.459109661399999,all
365,703,16.334907037499999,111.979580930000000,-1.047867800000000,56.381824580999996,all
366,705,16.334900662300001,111.979580309000000,-1.139424000000000,56.355700046800003,all
367,706,16.334894284400001,111.979579712000000,-1.315960900000000,56.329938353400003,all
368,707,16.334881543300000,111.979578403000000,-1.251322500000000,56.278414966500002,all
369,712,16.334856064400000,111.979575775000000,-1.085294000000000,56.175005351899998,all
370,714,16.334849684600002,111.979575188000000,-1.301125800000000,56.149243658499998,all
371,719,16.334824194799999,111.979572649999990,-1.460374400000000,56.045834043900001,all
372,722,16.334747758300001,111.979564839000010,-1.214676600000000,55.735968041000000,all
373,725,16.334709529000001,111.979561022000000,-1.416952500000000,55.581035039500001,all
374,727,16.334703164000000,111.979560335000000,-1.263665600000000,55.555273346100002,all
375,734,16.334633086699998,111.979553272999990,-1.398952200000000,55.271169036600000,all
376,735,16.334620353399998,111.979551922000000,-1.181187700000000,55.219645649699999,all
377,741,16.334556641700001,111.979545524000000,-1.394592500000000,54.961303033699998,all
378,742,16.334550284500001,111.979544786999990,-1.058222500000000,54.935541340299999,all
379,743,16.334550281100000,111.979544806000010,-1.127536400000000,54.935541340299999,all
380,750,16.334524808699999,111.979542138000000,-0.821040400000000,54.832131725700002,all
381,752,16.334518428799999,111.979541561000000,-1.072462900000000,54.806370032300002,all
382,753,16.334512048000001,111.979540982000000,-1.318543200000000,54.780608338800000,all
383,754,16.334499306900000,111.979539677000010,-1.271521700000000,54.729084951899999,all
384,755,16.334486574200000,111.979538313000010,-1.007344700000000,54.677198724299998,all
385,756,16.334454694800002,111.979535242000000,-1.597266100000000,54.548027416200000,all
386,759,16.334384600900002,111.979528095000010,-1.480199500000000,54.263923106800000,all
387,760,16.334378192500001,111.979527726000000,-2.496191500000000,54.238161413299999,all
388,762,16.334352739300002,111.979524837000000,-1.400209200000000,54.134751798800004,all
389,764,16.334327232800000,111.979522321999990,-1.674420200000000,54.031342184200000,all
390,765,16.334295351600002,111.979519153000000,-1.931974500000000,53.902170876200003,all
391,766,16.334288968599999,111.979518567000000,-2.161147800000000,53.876409182800003,all
392,767,16.334250707999999,111.979514732000000,-2.364727000000000,53.721476181299998,all
393,769,16.334250702999999,111.979514772000000,-2.508685600000000,53.721476181299998,all
394,772,16.334231583499999,111.979512759000000,-2.264662300000000,53.643828260200003,all
395,774,16.334212471099999,111.979510920000000,-2.595438700000000,53.566180339100001,all
396,775,16.334206107000000,111.979510151000000,-2.163369200000000,53.540418645700001,all
397,777,16.334180577300000,111.979507647999990,-2.523946000000000,53.437009031099997,all
398,779,16.334155059299999,111.979505034000000,-2.487648700000000,53.333599416600002,all
399,780,16.334142312699999,111.979503614000000,-2.055100200000000,53.281713188900000,all
400,781,16.334129543400000,111.979502373000000,-2.282631000000000,53.230189801999998,all
401,782,16.334129549499998,111.979502325000000,-2.106565000000000,53.230189801999998,all
402,783,16.334123156800000,111.979501762000000,-2.430657100000000,53.204065267799997,all
403,784,16.334123161099999,111.979501728000000,-2.307305300000000,53.204428108499997,all
404,787,16.334104000000000,111.979499888000010,-2.726796400000000,53.126780187400001,all
405,791,16.334052934799999,111.979494691000000,-2.802341500000000,52.919598117600003,all
406,792,16.334046558699999,111.979493977000000,-2.580443600000000,52.893836424100002,all
407,793,16.334027400400000,111.979492062000010,-2.739407300000000,52.816188502999999,all
408,795,16.334021017000001,111.979491399000000,-2.704309200000000,52.790063968799998,all
409,798,16.333944389599999,111.979483536999990,-2.637148400000000,52.479472284400003,all
410,800,16.333931618299999,111.979482197000000,-2.526553000000000,52.427586056800003,all
411,804,16.333912449400000,111.979480270000000,-2.660645000000000,52.349938135700000,all
412,807,16.333899667299999,111.979478998000000,-2.799682400000000,52.298414748799999,all
413,811,16.333867729500000,111.979475655000000,-2.556983000000000,52.168880600000001,all
414,812,16.333854946300001,111.979474366000010,-2.638894600000000,52.116994372299999,all
415,813,16.333842163700002,111.979473057000010,-2.647300000000000,52.065108144699998,all
416,814,16.333791035000001,111.979467768000010,-2.508365200000000,51.857926074799998,all
417,818,16.333739899699999,111.979462408000000,-2.135311800000000,51.650381164199999,all
418,821,16.333656736900000,111.979453976000000,-2.592662800000000,51.313302104800002,all
419,822,16.333650347599999,111.979453250000010,-2.349603000000000,51.287540411400002,all
420,823,16.333611943299999,111.979449406000000,-2.758912000000000,51.131881728400003,all
421,824,16.333611938099999,111.979449446999990,-2.909089800000000,51.131881728400003,all
422,827,16.333586332799999,111.979446861000000,-3.101709800000000,51.028109273100000,all
423,829,16.333554311899999,111.979443696999990,-3.604741600000000,50.898212283600003,all
424,832,16.333515889400001,111.979439840000000,-3.999583200000000,50.742553600699999,all
425,834,16.333483884600000,111.979436445999990,-3.678740700000000,50.612656611100000,all
426,838,16.333439044999999,111.979431875000000,-3.904870300000000,50.430873394000002,all
427,840,16.333432656599999,111.979431078000000,-3.414597500000000,50.405111700500001,all
428,841,16.333419819400000,111.979429964999990,-4.185335000000000,50.352862632099999,all
429,843,16.333400616799999,111.979427842000010,-3.691097000000000,50.275214710999997,all
430,844,16.333400612500000,111.979427875000000,-3.814312500000000,50.275214710999997,all
431,845,16.333394214100000,111.979427147000000,-3.575004600000000,50.249090176800003,all
432,846,16.333355764299998,111.979423216000000,-3.748269000000000,50.093068653099998,all
433,848,16.333342945799998,111.979421905000000,-3.805162000000000,50.041182425400002,all
434,849,16.333342946900000,111.979421896000010,-3.772071000000000,50.041182425400002,all
435,851,16.333336517799999,111.979421394000000,-4.363312700000000,50.015420732000003,all
436,852,16.333330138899999,111.979420495000000,-3.501588600000000,49.989296197800002,all
437,853,16.333272453599999,111.979414517000000,-3.490254200000000,49.755263912200000,all
438,854,16.333266036300000,111.979413896000000,-3.649668200000000,49.729502218800000,all
439,858,16.333246811799999,111.979411838000000,-3.412557000000000,49.651491456899997,all
440,859,16.333233982500001,111.979410555000000,-3.582537400000000,49.599605229300003,all
441,861,16.333221145500001,111.979409326000000,-3.950145200000000,49.547356160900001,all
442,863,16.333189122000000,111.979405684000000,-2.791262100000000,49.417459171300003,all
443,864,16.333189102799999,111.979405836000000,-3.346297000000000,49.417459171300003,all
444,869,16.333099304800001,111.979396491000000,-3.252077800000000,49.053167055499998,all
445,873,16.333047991299999,111.979391050999990,-2.848032500000000,48.845259304099997,all
446,875,16.333041573999999,111.979390378999990,-2.830049500000000,48.819134769900003,all
447,876,16.333022311400001,111.979388472000000,-3.167533400000000,48.741124008100002,all
448,878,16.333015895599999,111.979387790999990,-3.116092000000000,48.714999473900001,all
449,881,16.332951724000001,111.979381027000000,-2.767530000000000,48.454842654099998,all
450,882,16.332951721200001,111.979381049000000,-2.848400400000000,48.454842654099998,all
451,883,16.332951701799999,111.979381202000000,-3.408773200000000,48.454842654099998,all
452,885,16.332926124299998,111.979378403000000,-2.834080500000000,48.351070198800002,all
453,887,16.332919696099999,111.979377758000000,-2.924288700000000,48.324945664600001,all
454,888,16.332913256699999,111.979377193000000,-3.306042700000000,48.299183971100000,all
455,889,16.332906833900001,111.979376504000000,-3.232907000000000,48.273059436899999,all
456,893,16.332842572299999,111.979369856000010,-3.397036600000000,48.012539776399997,all
457,895,16.332823264500000,111.979368071000000,-4.211669000000000,47.934166173800001,all
458,897,16.332810424900000,111.979366623000000,-3.813293500000000,47.882279946200001,all
459,899,16.332803989900000,111.979366017000000,-4.048660000000000,47.856155412000000,all
460,900,16.332791121300001,111.979364803000000,-4.502388500000000,47.803906343500003,all
461,901,16.332778291899999,111.979363269000000,-3.790101000000000,47.751657275100001,all
462,902,16.332771846000000,111.979362747000000,-4.330878300000000,47.725895581700001,all
463,903,16.332765389500000,111.979362300000010,-5.145776300000000,47.699771047500001,all
464,905,16.332733254600001,111.979358945000000,-5.117216000000000,47.569511217200002,all
465,909,16.332713948999999,111.979357108000000,-5.748108000000000,47.491137614599999,all
466,910,16.332713993300001,111.979356767000000,-4.500351400000000,47.491137614599999,all
467,911,16.332688261200001,111.979354259000000,-5.121711300000000,47.387002318599997,all
468,914,16.332656146000001,111.979350733999990,-4.470746000000000,47.256742488299999,all
469,915,16.332617546800002,111.979346989000010,-5.463667400000000,47.100358123800000,all
470,916,16.332611111100000,111.979346375000010,-5.663422000000000,47.074233589599999,all
471,918,16.332591826300000,111.979344380000000,-5.709738000000000,46.995859987000003,all
472,919,16.332585425100000,111.979343510000010,-4.976194000000000,46.970098293600003,all
473,920,16.332578997900001,111.979342837999990,-4.964169500000000,46.943973759400002,all
474,921,16.332546852099998,111.979339554000010,-5.190131700000000,46.813713929099997,all
475,922,16.332546869000002,111.979339421000010,-4.703221300000000,46.813713929099997,all
476,923,16.332540438399999,111.979338777000000,-4.793828500000000,46.787589394900003,all
477,924,16.332533991700000,111.979338268000010,-5.377026600000000,46.761464860700002,all
478,926,16.332514717700001,111.979336198000000,-5.145401500000000,46.683091258099999,all
479,927,16.332508296499999,111.979335482000000,-4.971964000000000,46.657329564599998,all
480,928,16.332501866200001,111.979334838000000,-5.062833000000000,46.631205030399997,all
481,930,16.332476156399999,111.979332178000010,-5.112651000000000,46.526706893600000,all
482,931,16.332469733500002,111.979331478000010,-4.997335400000000,46.500945200200000,all
483,932,16.332437611600000,111.979328069999990,-4.755207000000000,46.370685369900002,all
484,934,16.332379778800000,111.979322049000000,-4.716001000000000,46.135927402800000,all
485,935,16.332360520600002,111.979319903999990,-4.194712600000000,46.057916640999998,all
486,936,16.332334825800000,111.979317193000000,-4.039772000000000,45.953781344900001,all
487,937,16.332334807100001,111.979317341000000,-4.579326000000000,45.953781344900001,all
488,939,16.332302724600002,111.979313701000000,-3.459562000000000,45.823521514600003,all
489,940,16.332296294599999,111.979313081000000,-3.630485000000000,45.797396980400002,all
490,942,16.332289867200000,111.979312441000000,-3.727768000000000,45.771272446200001,all
491,943,16.332283443000001,111.979311777000010,-3.739686000000000,45.745510752800001,all
492,944,16.332283434099999,111.979311847999990,-3.996404000000000,45.745510752800001,all
493,945,16.332251342900001,111.979308313999990,-3.253983000000000,45.615250922500003,all
494,946,16.332238504199999,111.979306927000000,-3.052275400000000,45.563001854100001,all
495,950,16.332103660900000,111.979293010000010,-3.214570300000000,45.016563680399997,all
496,951,16.332084420000001,111.979290904000000,-2.793573100000000,44.938190077800002,all
497,954,16.332077995599999,111.979290287000000,-2.965679000000000,44.912428384300000,all
498,955,16.332058729300002,111.979288385999990,-3.289540000000000,44.834054781699997,all
499,956,16.332033068499999,111.979285675000000,-3.069614000000000,44.730282326400001,all
500,957,16.332026643799999,111.979285074000000,-3.296961300000000,44.704157792200000,all
501,959,16.332020226200001,111.979284420000000,-3.324590700000000,44.678033257999999,all
502,962,16.332007396400002,111.979283088000000,-3.299933700000000,44.626147030299997,all
503,963,16.331988154800001,111.979281065000000,-3.160843600000000,44.548136268500002,all
504,965,16.331968902100002,111.979279137000010,-3.370618600000000,44.470125506599999,all
505,967,16.331962482700000,111.979278505000000,-3.477161600000000,44.444000972399998,all
506,969,16.331943223100001,111.979276661000000,-3.989683200000000,44.365990210600003,all
507,972,16.331917577599999,111.979273951000000,-3.743555300000000,44.261854914499999,all
508,973,16.331911167200001,111.979273271000000,-3.672920700000000,44.236093220999997,all
509,976,16.331840644300001,111.979265987000010,-3.573380700000000,43.950174707800002,all
510,978,16.331808591000001,111.979262730000000,-3.709279800000000,43.820277718299998,all
511,979,16.331802183800001,111.979262058000000,-3.656891800000000,43.794153184099997,all
512,986,16.331686853299999,111.979250322000000,-3.997028800000000,43.326451453700003,all
513,987,16.331680456600001,111.979249604000000,-3.770273700000000,43.300689760300003,all
514,988,16.331680458899999,111.979249585999990,-3.706367000000000,43.300689760300003,all
515,990,16.331661245399999,111.979247631000010,-3.748416700000000,43.222678998399999,all
516,993,16.331641889299998,111.979245606000010,-3.712597100000000,43.144305395799996,all
517,994,16.331641866300000,111.979245788000000,-4.375232700000000,43.144305395799996,all
518,997,16.331533252200000,111.979234508999990,-3.585213000000000,42.703816721899997,all
519,1000,16.331463014899999,111.979227137000000,-2.737638500000000,42.418986730900002,all
520,1002,16.331456623899999,111.979226520000000,-2.854011500000000,42.393225037500002,all
521,1005,16.331437449900001,111.979224688000000,-3.265763300000000,42.315577116400000,all
522,1006,16.331431063299998,111.979224043000000,-3.277039800000000,42.289452582199999,all
523,1012,16.331379997799999,111.979218711000000,-2.726771800000000,42.082633352999999,all
524,1014,16.331360848100001,111.979216755000000,-2.672566400000000,42.004985431900003,all
525,1015,16.331341686100000,111.979214883000000,-2.922283400000000,41.927337510800001,all
526,1017,16.331328919899999,111.979213573000000,-2.862378600000000,41.875451283200000,all
527,1019,16.331316167899999,111.979212155000000,-2.404778700000000,41.823927896299999,all
528,1020,16.331303390599999,111.979210939000000,-2.687509300000000,41.772041668599996,all
529,1021,16.331296996399999,111.979210377000000,-2.994717400000000,41.746279975199997,all
530,1022,16.331271484999998,111.979207626000000,-2.383433300000000,41.642507519900001,all
531,1023,16.331265079400001,111.979207149999990,-3.005831500000000,41.616745826399999,all
532,1026,16.331252341999999,111.979205633000010,-2.179824000000000,41.564859598799998,all
533,1027,16.331245954400000,111.979205024000000,-2.314612900000000,41.539097905299997,all
534,1028,16.331239577700000,111.979204329000000,-2.136419000000000,41.513336211899997,all
535,1030,16.331239576700000,111.979204337000000,-2.165133700000000,41.513336211899997,all
536,1035,16.331207657200000,111.979201168000000,-2.375325400000000,41.383802063099999,all
537,1038,16.331169368400001,111.979197255000000,-2.220732500000000,41.228869061700003,all
538,1042,16.331099179500001,111.979190075000010,-1.896713600000000,40.944039070700001,all
539,1043,16.331086413400001,111.979188803000000,-1.957808300000000,40.892515683799999,all
540,1044,16.331086421300000,111.979188741000000,-1.729909400000000,40.892515683799999,all
541,1045,16.331048122300000,111.979184937000000,-1.956252800000000,40.737219841600002,all
542,1046,16.331041746099999,111.979184239000010,-1.757871600000000,40.711458148100000,all
543,1050,16.330997070599999,111.979179741000000,-1.794699900000000,40.530400612500003,all
544,1051,16.330990687100002,111.979179106000000,-1.828880200000000,40.504276078300002,all
545,1052,16.330971542200000,111.979177157000000,-1.765480300000000,40.426628157200000,all
546,1053,16.330946011300000,111.979174587000000,-1.783677800000000,40.323218542600003,all
547,1055,16.330939643099999,111.979173828000000,-1.362585200000000,40.297456849200003,all
548,1057,16.330920495499999,111.979171905000000,-1.390806400000000,40.219808928100001,all
549,1059,16.330901347600001,111.979169971000000,-1.381333000000000,40.142161006999999,all
550,1061,16.330894964300001,111.979169320000000,-1.356234800000000,40.116399313499997,all
551,1064,16.330856656600002,111.979165519000010,-1.578253100000000,39.961103471300000,all
552,1066,16.330850264399999,111.979164940999990,-1.820312900000000,39.935341777799998,all
553,1072,16.330818358500000,111.979161608000000,-1.400885500000000,39.805807629100002,all
554,1075,16.330799209100000,111.979159643000000,-1.278112600000000,39.728159708000000,all
555,1078,16.330786434800000,111.979158400000000,-1.442677900000000,39.676273480299997,all
556,1079,16.330748131400000,111.979154471000000,-1.201884600000000,39.520977638100000,all
557,1081,16.330697044699999,111.979149311000000,-1.170493600000000,39.314158409000001,all
558,1084,16.330671500200001,111.979146712000000,-1.090972400000000,39.210385953699998,all
559,1085,16.330658728700001,111.979145396000010,-0.989140100000000,39.158862566800003,all
560,1086,16.330658719199999,111.979145462999990,-1.234794900000000,39.158862566800003,all
561,1089,16.330645937800000,111.979144227000010,-1.427621100000000,39.106976339200003,all
562,1091,16.330626779199999,111.979142247000000,-1.254653500000000,39.029328418100000,all
563,1094,16.330588449200000,111.979138350000000,-1.147276200000000,38.873669735100002,all
564,1095,16.330582043000000,111.979137836000010,-1.626272700000000,38.847908041600000,all
565,1097,16.330569290800000,111.979136338000000,-0.864839850000000,38.796021813999999,all
566,1098,16.330562877399998,111.979135877000000,-1.536236800000000,38.770260120499998,all
567,1099,16.330543725100000,111.979133793000000,-0.991058000000000,38.692612199400003,all
568,1100,16.330537331199999,111.979133172000000,-1.079305900000000,38.666487665200002,all
569,1101,16.330530941199999,111.979132519000000,-1.052027300000000,38.640725971800002,all
570,1102,16.330498992100001,111.979129249000000,-0.892509700000000,38.511191822999997,all
571,1103,16.330479820600001,111.979127271000000,-0.740321900000000,38.433543901900002,all
572,1106,16.330460636100000,111.979125381000000,-0.912606840000000,38.355895980800000,all
573,1108,16.330447844599998,111.979124128000000,-1.052023200000000,38.304009753199999,all
574,1111,16.330415895700000,111.979120739000000,-0.473874100000000,38.174475604400001,all
575,1113,16.330396697200001,111.979118904000000,-0.853085160000000,38.096464842499998,all
576,1115,16.330390305900000,111.979118235000000,-0.771108500000000,38.070703149099998,all
577,1116,16.330383904200001,111.979117638000010,-0.951574900000000,38.044578614899997,all
578,1119,16.330371279300000,111.979116331000000,-0.726383900000000,37.993418068700002,all
579,1122,16.330364865600000,111.979115740000000,-0.940811100000000,37.967656375300002,all
580,1124,16.330345653799998,111.979113727000000,-0.710029600000000,37.889645613399999,all
581,1125,16.330339247100000,111.979113074000000,-0.699300050000000,37.863521079199998,all
582,1126,16.330300787300001,111.979109279000000,-1.089252000000000,37.707862396300001,all
583,1127,16.330294384599998,111.979108591000000,-0.953349400000000,37.681737862100000,all
584,1132,16.330243109700000,111.979103409999990,-1.046198500000000,37.473830110700000,all
585,1133,16.330236697299998,111.979102778000000,-1.115419100000000,37.448068417300000,all
586,1134,16.330223880399998,111.979101447000010,-1.011747500000000,37.396182189599998,all
587,1136,16.330204661100002,111.979099401000000,-0.675568200000000,37.318171427700001,all
588,1138,16.330140537100000,111.979092941999990,-0.894309760000000,37.058014608000001,all
589,1139,16.330127713700001,111.979091626000000,-0.848745500000000,37.006128380299998,all
590,1140,16.330127708100001,111.979091670000000,-1.011278600000000,37.006128380299998,all
591,1142,16.330114888400001,111.979090320000000,-0.846280800000000,36.954242152699997,all
592,1143,16.330108460400002,111.979089778000000,-1.250063500000000,36.928117618500004,all
593,1148,16.330037925799999,111.979082511000000,-0.936196450000000,36.642199105200000,all
594,1153,16.330005855900001,111.979079229000010,-0.876935300000000,36.512302115700003,all
595,1154,16.329980201300000,111.979076578999990,-0.749653640000000,36.408166819700000,all
596,1155,16.329980198800001,111.979076599000000,-0.823135260000000,36.408166819700000,all
597,1156,16.329973784800000,111.979075945999990,-0.824201900000000,36.382042285499999,all
598,1157,16.329973784400000,111.979075950000000,-0.836595400000000,36.382042285499999,all
599,1159,16.329941712699998,111.979072649000000,-0.723080200000000,36.252145296000002,all
600,1160,16.329941721499999,111.979072579999990,-0.470041570000000,36.252145296000002,all
601,1162,16.329903211500000,111.979068793000000,-0.976085660000000,36.096123772200002,all
602,1163,16.329896815300000,111.979067986000000,-0.416928020000000,36.069999238000001,all
603,1165,16.329883981100000,111.979066700999990,-0.503597000000000,36.018113010400000,all
604,1166,16.329877570600001,111.979066006000000,-0.355531720000000,35.991988476200000,all
605,1168,16.329858317599999,111.979064088000000,-0.524670600000000,35.913977714300003,all
606,1171,16.329826241199999,111.979060809000000,-0.507423800000000,35.784080724799999,all
607,1173,16.329781327100001,111.979056258000000,-0.633730200000000,35.601934666900000,all
608,1174,16.329781318999999,111.979056321000000,-0.866541860000000,35.601934666900000,all
609,1177,16.329742829899999,111.979052347000010,-0.713995640000000,35.445913143200002,all
610,1178,16.329742823200000,111.979052400000000,-0.908447500000000,35.445913143200002,all
611,1179,16.329736418100001,111.979051662000000,-0.605436500000000,35.419788609000001,all
612,1180,16.329729993400001,111.979051078000000,-0.867144170000000,35.394026915500000,all
613,1182,16.329717172199999,111.979049688000000,-0.580471700000000,35.341777847099998,all
614,1183,16.329710740800000,111.979049165000010,-1.064703300000000,35.316016153699998,all
615,1184,16.329704342700001,111.979048371999990,-0.564760300000000,35.289891619499997,all
616,1186,16.329691502100001,111.979047130000000,-0.819171970000000,35.238005391800002,all
617,1187,16.329678675699999,111.979045785000000,-0.698347750000000,35.185756323400000,all
618,1189,16.329646606000001,111.979042465000010,-0.554314140000000,35.055859333900003,all
619,1196,16.329614529099999,111.979039231000000,-0.724895240000000,34.925599503599997,all
620,1198,16.329595287200000,111.979037242000000,-0.652858140000000,34.847588741800003,all
621,1199,16.329588878700001,111.979036540000000,-0.486992360000000,34.821827048300001,all
622,1202,16.329550390200001,111.979032645000000,-0.649555200000000,34.665805524600003,all
623,1205,16.329537566700001,111.979031302000000,-0.543253240000000,34.613919297000002,all
624,1206,16.329531158000002,111.979030608000000,-0.407142600000000,34.587794762800002,all
625,1209,16.329486259500001,111.979026078000000,-0.658138800000000,34.405648704800001,all
626,1210,16.329479853999999,111.979025367000010,-0.458204720000000,34.379887011400001,all
627,1212,16.329467020199999,111.979024118000000,-0.696052130000000,34.327637942999999,all
628,1213,16.329467022700001,111.979024098000000,-0.624301850000000,34.327637942999999,all
629,1214,16.329460609500000,111.979023449000000,-0.654725850000000,34.301876249499998,all
630,1215,16.329460610500000,111.979023442000000,-0.627135300000000,34.301876249499998,all
631,1216,16.329422145399999,111.979019484999990,-0.578503850000000,34.145854725800000,all
632,1217,16.329402908700001,111.979017544000000,-0.690039800000000,34.067843963999998,all
633,1219,16.329383681300001,111.979015539000000,-0.572212700000000,33.989833202100002,all
634,1220,16.329358049500001,111.979012854999990,-0.371294170000000,33.886060746799998,all
635,1222,16.329345214700002,111.979011666000010,-0.832134370000000,33.833811678399996,all
636,1223,16.329332400999998,111.979010314000010,-0.700621200000000,33.781925450700001,all
637,1225,16.329293959800001,111.979006295999990,-0.435130060000000,33.626266767799997,all
638,1226,16.329268319200001,111.979003750000000,-0.746093750000000,33.522131471700000,all
639,1229,16.329229886200000,111.978999754000000,-0.570532440000000,33.366472788800003,all
640,1230,16.329223492299999,111.978999010000000,-0.253589480000000,33.340348254600002,all
641,1234,16.329165837400001,111.978993195000000,-0.646298300000000,33.106678809700000,all
642,1235,16.329165839400002,111.978993180000000,-0.589739440000000,33.106678809700000,all
643,1236,16.329153033600001,111.978991851999990,-0.547186400000000,33.054792582099999,all
644,1237,16.329146621400000,111.978991264000000,-0.802416700000000,33.028668047899998,all
645,1238,16.329114618300000,111.978987900000010,-0.535515200000000,32.899133899100001,all
646,1241,16.329095413299999,111.978985915000000,-0.499211520000000,32.821123137299999,all
647,1242,16.329095404600000,111.978985983000000,-0.747923700000000,32.821123137299999,all
648,1245,16.329076152500001,111.978983783000000,-0.031898910000000,32.743112375400003,all
649,1247,16.329050563100001,111.978981240000000,-0.330712440000000,32.639339920099999,all
650,1251,16.329031381000000,111.978979272999990,-0.337110880000000,32.561691998999997,all
651,1252,16.329031369999999,111.978979360000000,-0.655223250000000,32.561691998999997,all
652,1255,16.329018579900001,111.978978074000000,-0.750259000000000,32.509805771300002,all
653,1256,16.329018592299999,111.978977976000000,-0.392804770000000,32.509805771300002,all
654,1258,16.328986629500001,111.978974716000000,-0.469450320000000,32.380271622599999,all
655,1259,16.328986629300001,111.978974718000000,-0.477443430000000,32.380271622599999,all
656,1260,16.328967454400001,111.978972748000000,-0.471300330000000,32.302260860700002,all
657,1261,16.328961058600001,111.978972127000010,-0.602100730000000,32.276499167300003,all
658,1264,16.328941891500001,111.978970117000000,-0.451772000000000,32.198851246200000,all
659,1265,16.328935498700002,111.978969478000000,-0.517614250000000,32.172726711999999,all
660,1267,16.328922712099999,111.978968217000000,-0.706458200000000,32.121203325099998,all
661,1269,16.328903539500001,111.978966289000000,-0.856457950000000,32.043192563200002,all
662,1271,16.328890767099999,111.978964924000000,-0.669349300000000,31.991669176300000,all
663,1273,16.328877987399999,111.978963632000000,-0.747303600000000,31.939782948700000,all
664,1274,16.328871609400000,111.978962896000000,-0.454402700000000,31.914021255200002,all
665,1276,16.328846056600000,111.978960294000000,-0.545184000000000,31.810248799899998,all
666,1278,16.328826884700000,111.978958410999990,-0.866648440000000,31.732600878800000,all
667,1279,16.328826901999999,111.978958273999990,-0.366872970000000,31.732600878800000,all
668,1281,16.328814123899999,111.978957002000000,-0.518823740000000,31.680714651100001,all
669,1282,16.328807738700000,111.978956339000010,-0.494096460000000,31.654952957700001,all
670,1284,16.328782192799999,111.978953738000000,-0.595225160000000,31.551180502400001,all
671,1285,16.328756660000000,111.978951081999990,-0.491313670000000,31.447770887800001,all
672,1287,16.328737508200000,111.978949106000000,-0.477292360000000,31.370122966699999,all
673,1290,16.328705602399999,111.978945733000000,-0.160218630000000,31.240951658699998,all
674,1293,16.328673681700000,111.978942512000000,-0.405197230000000,31.111417509999999,all
675,1297,16.328616254700002,111.978936561000000,-0.293456350000000,30.878473746699999,all
676,1298,16.328609869200001,111.978935944000000,-0.442818020000000,30.852712053200001,all
677,1299,16.328603491199999,111.978935276000000,-0.405756980000000,30.826950359800001,all
678,1300,16.328603492399999,111.978935265999990,-0.369584600000000,30.826950359800001,all
679,1302,16.328577975500000,111.978932615999990,-0.304929200000000,30.723540745200001,all
680,1303,16.328577964600001,111.978932701999990,-0.618859900000000,30.723540745200001,all
681,1305,16.328571582999999,111.978932060000010,-0.680166840000000,30.697416211000000,all
682,1309,16.328526942100002,111.978927381999990,-0.427469100000000,30.516358675300001,all
683,1311,16.328507812400002,111.978925378000000,-0.323670300000000,30.439073595000000,all
684,1313,16.328488680400000,111.978923394000010,-0.295456260000000,30.361425673900001,all
685,1314,16.328456797800001,111.978920074000000,-0.207223340000000,30.231891525100000,all
686,1315,16.328444042299999,111.978918773000000,-0.268373800000000,30.180368138199999,all
687,1316,16.328431286099999,111.978917480000010,-0.361902980000000,30.128481910600001,all
688,1317,16.328431289200001,111.978917455000000,-0.272166760000000,30.128481910600001,all
689,1318,16.328424904399998,111.978916864000000,-0.519774440000000,30.102720217100000,all
690,1319,16.328412161100001,111.978915482000000,-0.290105220000000,30.051196830199999,all
691,1320,16.328399406199999,111.978914180000000,-0.351890680000000,29.999310602600001,all
692,1323,16.328380273099999,111.978912257000000,-0.559052100000000,29.921662681499999,all
693,1324,16.328373908300001,111.978911514000000,-0.253305820000000,29.895900988000001,all
694,1325,16.328367531800001,111.978910863000000,-0.287685130000000,29.870139294600001,all
695,1326,16.328342031500000,111.978908239000010,-0.344549830000000,29.766729680000001,all
696,1327,16.328342033399998,111.978908225000000,-0.290727650000000,29.766729680000001,all
697,1328,16.328335650300001,111.978907629000010,-0.527152200000000,29.740967986600001,all
698,1330,16.328322910099999,111.978906244000000,-0.290039060000000,29.689081758899999,all
699,1332,16.328316541200000,111.978905539000000,-0.126846610000000,29.663320065499999,all
700,1335,16.328297413000001,111.978903590000000,-0.244463320000000,29.585672144400000,all
701,1336,16.328297408600001,111.978903624000000,-0.370224500000000,29.585672144400000,all
702,1339,16.328259159900000,111.978899702000010,-0.524966700000000,29.430739142899998,all
703,1340,16.328259171700001,111.978899609000000,-0.183533760000000,29.430739142899998,all
704,1341,16.328246423800000,111.978898290000000,-0.193108990000000,29.379215756000001,all
705,1343,16.328240044600001,111.978897673000010,-0.353851940000000,29.353091221800000,all
706,1351,16.328163561800000,111.978889756000000,-0.430461670000000,29.043225218900002,all
707,1353,16.328125336300001,111.978885709000000,-0.154297930000000,28.888292217400000,all
708,1354,16.328118955600001,111.978885109000000,-0.381058040000000,28.862167683199999,all
709,1356,16.328106222599999,111.978883684000000,-0.015475973500000,28.810644296300001,all
710,1357,16.328099829399999,111.978883182999990,-0.603279100000000,28.784882602900002,all
711,1362,16.328036104999999,111.978876536000000,-0.535721900000000,28.526539986900001,all
712,1363,16.328010634799998,111.978873718000000,0.067580660000000,28.423130372300001,all
713,1365,16.327985128000002,111.978871187000000,-0.380660980000000,28.319720757799999,all
714,1367,16.327972382199999,111.978869860000000,-0.384700920000000,28.267834530100000,all
715,1368,16.327966000699998,111.978869264000000,-0.631938200000000,28.242072836700000,all
716,1370,16.327946886599999,111.978867234000010,-0.492995680000000,28.164787756300001,all
717,1371,16.327940524300001,111.978866485000000,-0.183067410000000,28.138663222100000,all
718,1373,16.327889519300001,111.978861346000000,-0.827296200000000,27.932206833700000,all
719,1374,16.327889540600001,111.978861178000000,-0.212790010000000,27.932206833700000,all
720,1375,16.327883167600000,111.978860510000000,-0.199739440000000,27.906082299500000,all
721,1378,16.327864050799999,111.978858485999990,-0.093883230000000,27.828797219199998,all
722,1379,16.327864047500000,111.978858512000000,-0.187347980000000,27.828797219199998,all
723,1384,16.327825802500001,111.978854539000000,-0.252335130000000,27.673501377000001,all
724,1386,16.327813017800000,111.978853204999990,-0.186257210000000,27.621615149299998,all
725,1387,16.327793884900000,111.978851352000010,-0.723405600000000,27.544330069000001,all
726,1388,16.327781157600000,111.978849888000000,-0.246727940000000,27.492443841299998,all
727,1390,16.327774781799999,111.978849251000000,-0.355799020000000,27.466682147899999,all
728,1391,16.327768403600000,111.978848631999990,-0.530715350000000,27.440920454400000,all
729,1393,16.327749296400000,111.978846554000000,-0.248709000000000,27.363272533300002,all
730,1396,16.327730191000001,111.978844454000000,0.108217280000000,27.285987453000001,all
731,1397,16.327730173799999,111.978844589000000,-0.385445740000000,27.285987453000001,all
732,1398,16.327723803800001,111.978843900000000,-0.304935280000000,27.260225759499999,all
733,1401,16.327711050800001,111.978842621000000,-0.509811640000000,27.208339531899998,all
734,1403,16.327711041000001,111.978842697000000,-0.790904100000000,27.208339531899998,all
735,1405,16.327698312199999,111.978841247000010,-0.367017870000000,27.156816145000001,all
736,1406,16.327698313100001,111.978841239999990,-0.340905070000000,27.156816145000001,all
737,1408,16.327691949500000,111.978840494000000,-0.057907566000000,27.130691610800000,all
738,1410,16.327672824499999,111.978838524000000,-0.177797700000000,27.053406530400000,all
739,1412,16.327666454999999,111.978837821000000,-0.051239535000000,27.027644837000000,all
740,1413,16.327660070299999,111.978837238000000,-0.362201630000000,27.001520302799999,all
741,1414,16.327647323899999,111.978835886000000,-0.306187200000000,26.949996915900002,all
742,1415,16.327640962000000,111.978835120000000,0.052430652000000,26.924235222400000,all
743,1418,16.327596319700000,111.978830581000000,-0.462175220000000,26.743177686700001,all
744,1423,16.327558070100000,111.978826531000000,-0.323925170000000,26.587881844500000,all
745,1427,16.327526180300001,111.978823231000010,-0.491317200000000,26.458710536500000,all
746,1429,16.327494302700000,111.978819798999990,-0.183197110000000,26.329539228500000,all
747,1431,16.327475169200000,111.978817801000010,-0.220461130000000,26.251891307400001,all
748,1432,16.327462397900000,111.978816568000000,-0.611575250000000,26.200005079800000,all
749,1433,16.327462413999999,111.978816442000000,-0.147841480000000,26.200005079800000,all
750,1434,16.327430516200000,111.978813094000000,-0.153853370000000,26.070833771800000,all
751,1437,16.327404989100000,111.978810456999990,-0.312511000000000,25.967424157200000,all
752,1438,16.327385840200002,111.978808489000000,-0.469650200000000,25.889776236100001,all
753,1440,16.327373089200002,111.978807051000000,-0.114286650000000,25.837890008500001,all
754,1441,16.327360322600001,111.978805729000000,-0.184254020000000,25.786003780800002,all
755,1443,16.327347554900001,111.978804416000000,-0.286935800000000,25.734480393900000,all
756,1444,16.327341180200001,111.978803682000010,-0.052578416000000,25.708355859699999,all
757,1445,16.327341178800001,111.978803693000000,-0.094132450000000,25.708355859699999,all
758,1446,16.327334787100000,111.978803090000000,-0.342666400000000,25.682594166200001,all
759,1448,16.327290098900001,111.978798397000010,-0.348541830000000,25.501536630600000,all
760,1449,16.327258191199999,111.978794906000000,0.149109380000000,25.372002481799999,all
761,1454,16.327207087300000,111.978789611000000,-0.119342156000000,25.164820412000001,all
762,1457,16.327187906199999,111.978787716000000,-0.556481960000000,25.087172490899999,all
763,1459,16.327162356900001,111.978784980000000,-0.369924000000000,24.983400035599999,all
764,1460,16.327136802500000,111.978782244000000,-0.185425280000000,24.879627580299999,all
765,1461,16.327130430299999,111.978781424999990,0.353546560000000,24.853865886800001,all
766,1463,16.327124027400000,111.978780853999990,-0.013713792000000,24.827741352600000,all
767,1468,16.327085665199998,111.978776905000000,-0.307254900000000,24.672445510399999,all
768,1470,16.327072881500001,111.978775541999990,-0.234871860000000,24.620559282700000,all
769,1471,16.327047300000000,111.978772918000000,-0.466150580000000,24.516786827400001,all
770,1473,16.327028119400001,111.978770873000000,-0.356259100000000,24.439138906299998,all
771,1476,16.326989754400000,111.978766764000000,-0.067163035000000,24.283480223400002,all
772,1477,16.326964165300001,111.978764074000000,-0.056935895000000,24.179707768099998,all
773,1478,16.326964178899999,111.978763967000010,0.336634930000000,24.179707768099998,all
774,1480,16.326932163300000,111.978760787000000,-0.318511000000000,24.049810778499999,all
775,1481,16.326925775399999,111.978760025000000,0.013643242000000,24.024049085100000,all
776,1482,16.326919372399999,111.978759380000000,-0.083589900000000,23.997924550899999,all
777,1483,16.326900181900001,111.978757285000000,0.207025230000000,23.920276629800000,all
778,1484,16.326893766900000,111.978756725000000,-0.202566240000000,23.894152095599999,all
779,1486,16.326887361600001,111.978756086999990,-0.325595380000000,23.868390402100001,all
780,1487,16.326874566600001,111.978754683000010,-0.101910904000000,23.816504174500000,all
781,1488,16.326868166200001,111.978753999000010,-0.059259024000000,23.790379640299999,all
782,1489,16.326861765899999,111.978753321000000,-0.036040200000000,23.764255106099998,all
783,1491,16.326861773499999,111.978753260999990,0.184090440000000,23.764617946800001,all
784,1493,16.326855365699998,111.978752632000000,0.027918838000000,23.738493412600000,all
785,1494,16.326823348600001,111.978749299000000,-0.062035540000000,23.608596423100000,all
786,1499,16.326797734399999,111.978746587000000,0.033577286000000,23.504823967800000,all
787,1500,16.326797737900002,111.978746559000000,0.134426950000000,23.504823967800000,all
788,1501,16.326791328100001,111.978745925000000,-0.002390124000000,23.478699433599999,all
789,1503,16.326759301300001,111.978742555000000,0.044520862000000,23.348802444099999,all
790,1504,16.326746482800001,111.978741251000000,-0.097838410000000,23.296916216400000,all
791,1506,16.326740087899999,111.978740476000000,0.282584000000000,23.271154523000000,all
792,1508,16.326727263399999,111.978739214000000,-0.013999552000000,23.218905454600002,all
793,1509,16.326727271399999,111.978739152000000,0.215102760000000,23.218905454600002,all
794,1512,16.326708040600000,111.978737186000000,0.038575433000000,23.140894692700002,all
795,1513,16.326701631300001,111.978736520000000,0.022291966000000,23.115132999299998,all
796,1514,16.326682398799999,111.978734544000010,-0.115676320000000,23.037122237399998,all
797,1517,16.326669586900000,111.978733140000000,0.110881664000000,22.985236009800001,all
798,1520,16.326618283100000,111.978727910999990,-0.394350320000000,22.777328258400001,all
799,1523,16.326611888100000,111.978727104000000,0.103676550000000,22.751203724200000,all
800,1525,16.326592649900000,111.978725091000000,0.107370590000000,22.673192962300000,all
801,1526,16.326573411599998,111.978723063000000,0.166306350000000,22.595182200499998,all
802,1529,16.326509377600001,111.978716425000000,-0.029108308000000,22.335388221500001,all
803,1530,16.326502967700002,111.978715629000010,0.431289260000000,22.309626527999999,all
804,1531,16.326502960799999,111.978715682000000,0.234125730000000,22.309626527999999,all
805,1533,16.326477246500001,111.978713035000000,0.100714855000000,22.205128391199999,all
806,1534,16.326477253800000,111.978712977000000,0.312314120000000,22.205128391199999,all
807,1535,16.326477255299999,111.978712965000000,0.356038030000000,22.205128391199999,all
808,1537,16.326464400399999,111.978711614999990,0.389356500000000,22.153242163500000,all
809,1539,16.326451533200000,111.978710354000000,0.093176670000000,22.100993095100002,all
810,1540,16.326451525100001,111.978710418000010,-0.141973720000000,22.100993095100002,all
811,1543,16.326445103200001,111.978709694000000,0.054086797000000,22.074868560900001,all
812,1545,16.326419392999998,111.978706960000000,0.244274290000000,21.970733264900002,all
813,1547,16.326400111500000,111.978704910000000,0.388159780000000,21.892359662299999,all
814,1549,16.326393674900000,111.978704292000000,0.198981400000000,21.866235128100001,all
815,1550,16.326387247200000,111.978703594000000,0.300745280000000,21.840110593900000,all
816,1551,16.326380811400000,111.978702966000000,0.145947300000000,21.814348900399999,all
817,1552,16.326342228300000,111.978698937999990,0.181883190000000,21.657601695200000,all
818,1553,16.326342221800001,111.978698988999990,-0.005440093600000,21.657601695200000,all
819,1554,16.326335794599999,111.978698286000000,0.115323536000000,21.631840001699999,all
820,1555,16.326335806700001,111.978698191000010,0.462377220000000,21.631840001699999,all
821,1556,16.326329369900002,111.978697564000000,0.310293380000000,21.605715467500001,all
822,1557,16.326322935400000,111.978696916999990,0.225184950000000,21.579590933300000,all
823,1560,16.326290776800001,111.978693565000000,0.248239010000000,21.448968262299999,all
824,1562,16.326265050200000,111.978690876000000,0.297626050000000,21.344832966300000,all
825,1563,16.326258620000001,111.978690189000010,0.364009980000000,21.318708432099999,all
826,1564,16.326239322599999,111.978688179000000,0.378007620000000,21.240334829399998,all
827,1565,16.326232883199999,111.978687562999990,0.187993260000000,21.214573135999998,all
828,1566,16.326226454200000,111.978686865000000,0.297246660000000,21.188448601800001,all
829,1567,16.326220012299999,111.978686267000000,0.038689180000000,21.162324067600000,all
830,1568,16.326213592599998,111.978685494999990,0.418226930000000,21.136199533399999,all
831,1569,16.326200716500001,111.978684254000000,0.070900290000000,21.083950465000001,all
832,1570,16.326200728200000,111.978684161999990,0.407881230000000,21.083950465000001,all
833,1572,16.326194285000000,111.978683574000000,0.117228120000000,21.057825930800000,all
834,1573,16.326194298499999,111.978683468000000,0.505614760000000,21.057825930800000,all
835,1575,16.326174992199999,111.978681527000010,0.274614420000000,20.979815168900000,all
836,1576,16.326162118700001,111.978680241000010,0.095841270000000,20.927566100500002,all
837,1577,16.326162120799999,111.978680225000010,0.154906630000000,20.927566100500002,all
838,1578,16.326155683500001,111.978679590000000,0.036845908000000,20.901441566300001,all
839,1579,16.326155689000000,111.978679546000000,0.197290570000000,20.901441566300001,all
840,1581,16.326123523000000,111.978676218999990,0.165862590000000,20.770818895300000,all
841,1584,16.326097789700000,111.978673556999990,0.144998370000000,20.666683599199999,all
842,1585,16.326091359500001,111.978672868000000,0.228131500000000,20.640559065000001,all
843,1586,16.326065619700000,111.978670264000000,0.005335256500000,20.536060928200001,all
844,1588,16.326046328400000,111.978668215000000,0.191244420000000,20.458050166400000,all
845,1592,16.326007730600001,111.978664240000000,0.126197870000000,20.301665801900000,all
846,1593,16.325982014400001,111.978661493999990,0.438797100000000,20.197167665100000,all
847,1595,16.325975571299999,111.978660916000000,0.120467900000000,20.171043130899999,all
848,1596,16.325962698900000,111.978659655000000,-0.129697080000000,20.118794062500001,all
849,1598,16.325949852000001,111.978658205000000,0.315560670000000,20.066907834799999,all
850,1600,16.325924124000000,111.978655561000000,0.269384260000000,19.962409697999998,all
851,1602,16.325904832999999,111.978653562999990,0.293754900000000,19.884398936200000,all
852,1603,16.325904826900000,111.978653611000000,0.116328790000000,19.884398936200000,all
853,1604,16.325891959000000,111.978652337000000,-0.075814900000000,19.832149867700000,all
854,1605,16.325885538500000,111.978651596000010,0.209119110000000,19.806025333499999,all
855,1608,16.325846968000000,111.978647546999990,0.467544200000000,19.649640969099998,all
856,1609,16.325834105999999,111.978646248999990,0.369134070000000,19.597391900700000,all
857,1614,16.325756958500001,111.978638415000010,-0.027400449000000,19.284986012499999,all
858,1616,16.325744109199999,111.978637060000000,0.093606930000000,19.232736944100001,all
859,1617,16.325744114399999,111.978637019999990,0.242051510000000,19.232736944100001,all
860,1618,16.325737687600000,111.978636361000000,0.233427290000000,19.206612409900000,all
861,1619,16.325737680700001,111.978636416000000,0.033423370000000,19.206612409900000,all
862,1620,16.325699128899998,111.978632434000000,0.102017336000000,19.050228045400001,all
863,1621,16.325686288699998,111.978631046999990,0.346889600000000,18.998341817800000,all
864,1623,16.325667019499999,111.978629039000000,0.451606900000000,18.919968215200001,all
865,1627,16.325628478199999,111.978625100000000,0.389354560000000,18.763946691400001,all
866,1629,16.325602800900000,111.978622380999990,0.696093900000000,18.659811395399998,all
867,1631,16.325583527399999,111.978620486000000,0.402389730000000,18.581800633499999,all
868,1632,16.325577114000001,111.978619772000000,0.607560400000000,18.555676099300001,all
869,1633,16.325577094300002,111.978619927000000,0.038762376000000,18.555676099300001,all
870,1635,16.325564265099999,111.978618522999990,0.363331760000000,18.503427030899999,all
871,1636,16.325564270400001,111.978618482000000,0.513652700000000,18.503427030899999,all
872,1637,16.325557845599999,111.978617871000000,0.342445050000000,18.477665337500000,all
873,1638,16.325538592099999,111.978615880000010,0.410186920000000,18.399654575600000,all
874,1640,16.325532176999999,111.978615194000000,0.512909900000000,18.373530041399999,all
875,1642,16.325525753800001,111.978614574000010,0.376426370000000,18.347405507200001,all
876,1643,16.325512916800001,111.978613267000000,0.349054520000000,18.295519279499999,all
877,1644,16.325512905299998,111.978613358000000,0.016903222000000,18.295519279499999,all
878,1645,16.325506506000000,111.978612556000000,0.548698900000000,18.269394745300001,all
879,1647,16.325487239299999,111.978610708000010,0.100403020000000,18.191383983500000,all
880,1648,16.325480831699998,111.978609981999990,0.355822830000000,18.165259449299999,all
881,1649,16.325467999699999,111.978608668000010,0.360189470000000,18.113373221600000,all
882,1650,16.325461582599999,111.978608030999990,0.288970920000000,18.087248687399999,all
883,1651,16.325455167800001,111.978607362999990,0.333824520000000,18.061124153200002,all
884,1653,16.325455171500000,111.978607334000000,0.438741920000000,18.061124153200002,all
885,1654,16.325442337100000,111.978606058000000,0.307865470000000,18.009237925600001,all
886,1655,16.325442345500001,111.978605992000000,0.548650400000000,18.009237925600001,all
887,1658,16.325403849000001,111.978602178000000,0.113845860000000,17.853216401899999,all
888,1659,16.325391036399999,111.978600769000000,0.474194000000000,17.801330174200000,all
889,1661,16.325378197599999,111.978599577000000,0.044784330000000,17.749443946500001,all
890,1662,16.325371789199998,111.978598897000000,0.136422010000000,17.723319412300000,all
891,1663,16.325365391900000,111.978598133999990,0.534764700000000,17.697194878099999,all
892,1664,16.325365388800002,111.978598158000000,0.446628870000000,17.697194878099999,all
893,1666,16.325352564199999,111.978596874000000,0.355818900000000,17.645308650499999,all
894,1667,16.325339761100000,111.978595430000000,0.851516250000000,17.593422422800000,all
895,1670,16.325294885700000,111.978590986000000,0.367133380000000,17.411639205699998,all
896,1672,16.325256448200001,111.978587041000000,0.458272400000000,17.255617682000000,all
897,1674,16.325236993000001,111.978585182000000,-0.025148332000000,17.176881238600000,all
898,1677,16.325224248600001,111.978583623000010,0.919621170000000,17.124995010900001,all
899,1678,16.325217851600001,111.978583048000000,0.648209000000000,17.099233317500001,all
900,1680,16.325211460300000,111.978582429000000,0.535170850000000,17.073471624000000,all
901,1681,16.325211460900000,111.978582424000000,0.550839100000000,17.073471624000000,all
902,1683,16.325205062700000,111.978581863000000,0.229447990000000,17.047347089799999,all
903,1684,16.325205068700001,111.978581815000000,0.403060020000000,17.047347089799999,all
904,1687,16.325192292600001,111.978580547000010,0.290091430000000,16.995460862200002,all
905,1689,16.325185904600001,111.978579912000000,0.238439320000000,16.969699168700000,all
906,1691,16.325179527100001,111.978579196000000,0.478701900000000,16.943937475300000,all
907,1693,16.325160363100000,111.978577312000000,0.246926040000000,16.866289554200002,all
908,1695,16.325153987400000,111.978576592000000,0.508147200000000,16.840165020000001,all
909,1696,16.325147590000000,111.978576043999990,0.137294590000000,16.814403326499999,all
910,1697,16.325147592899999,111.978576020999990,0.221215900000000,16.814403326499999,all
911,1698,16.325141217799999,111.978575300000000,0.484668460000000,16.788641633099999,all
912,1699,16.325128433300002,111.978574135000000,0.000651262700000,16.736755405400000,all
913,1700,16.325128453600001,111.978573975000000,0.585717500000000,16.736755405400000,all
914,1702,16.325102920799999,111.978571406000000,0.495969560000000,16.633345790900002,all
915,1705,16.325071012700000,111.978568147000000,0.561268270000000,16.503811642100001,all
916,1707,16.325064614300000,111.978567633000000,0.069760910000000,16.478049948700001,all
917,1709,16.325058245800001,111.978566884000000,0.438303740000000,16.452288255199999,all
918,1711,16.325051870900001,111.978566188000000,0.614683030000000,16.426526561799999,all
919,1713,16.325045477700002,111.978565638000010,0.256787360000000,16.400402027599998,all
920,1714,16.325039103500000,111.978564940000000,0.439326320000000,16.374640334100000,all
921,1715,16.325032725000000,111.978564277000000,0.495387580000000,16.348878640700001,all
922,1716,16.325026333200000,111.978563720000000,0.162650560000000,16.322754106500000,all
923,1717,16.325026354999999,111.978563549000000,0.790529300000000,16.322754106500000,all
924,1718,16.325026332299998,111.978563726999990,0.137637080000000,16.322754106500000,all
925,1719,16.325007208599999,111.978561660000000,0.593001300000000,16.245469026100000,all
926,1720,16.325000821600000,111.978561071000000,0.379140680000000,16.219344491899999,all
927,1721,16.325000830000000,111.978561005000000,0.621260000000000,16.219344491899999,all
928,1726,16.324937044799999,111.978554528999990,0.634995700000000,15.961001875899999,all
929,1727,16.324924280699999,111.978553301000010,0.392923950000000,15.909115648200000,all
930,1728,16.324924287999998,111.978553244000000,0.601809800000000,15.909115648200000,all
931,1731,16.324898774400001,111.978550700000000,0.443477930000000,15.805706033700000,all
932,1734,16.324873260800000,111.978548163000000,0.263716340000000,15.702296419100000,all
933,1735,16.324866910200001,111.978547309000010,1.022773700000000,15.676534725700000,all
934,1736,16.324860524000002,111.978546729000000,0.778580550000000,15.650773032200000,all
935,1738,16.324847768500000,111.978545452000010,0.717967600000000,15.598886804599999,all
936,1739,16.324809503899999,111.978541620000000,0.545407650000000,15.443953803099999,all
937,1740,16.324803126199999,111.978540993000000,0.476426000000000,15.418192109700000,all
938,1741,16.324803121900000,111.978541026000000,0.352933380000000,15.418192109700000,all
939,1742,16.324764871500001,111.978537094999990,0.546075400000000,15.262896267500000,all
940,1743,16.324752123000000,111.978535781000010,0.624822140000000,15.211372880600001,all
941,1747,16.324701112000000,111.978530625999990,0.563382150000000,15.004553651400000,all
942,1748,16.324694732800001,111.978530019000000,0.421981630000000,14.978791958000000,all
943,1749,16.324694756300001,111.978529834000000,1.099021200000000,14.978791958000000,all
944,1750,16.324688368000000,111.978529282000000,0.751915900000000,14.952667423799999,all
945,1752,16.324681991799999,111.978528635000000,0.755071200000000,14.926905730300000,all
946,1756,16.324650110899999,111.978525395000010,0.784421400000000,14.797734422300000,all
947,1757,16.324643742399999,111.978524684000010,1.018351000000000,14.771972728900000,all
948,1759,16.324618226199998,111.978522179000000,0.723118900000000,14.668563114299999,all
949,1760,16.324599107400001,111.978520141999990,1.077193700000000,14.590915193200001,all
950,1762,16.324579974599999,111.978518210000000,1.046998100000000,14.513267272100000,all
951,1763,16.324573594000000,111.978517588000000,0.956052960000000,14.487505578700000,all
952,1764,16.324567215399998,111.978516949000000,0.926393900000000,14.461743885200001,all
953,1765,16.324554453400001,111.978515708000000,0.735993800000000,14.409857657600000,all
954,1771,16.324503426900002,111.978510529999990,0.739967700000000,14.203038428499999,all
955,1772,16.324484283499999,111.978508645000010,0.534854230000000,14.125390507400001,all
956,1773,16.324477933899999,111.978507777999990,1.337421400000000,14.099628813900001,all
957,1774,16.324465174200000,111.978506487999990,1.321594200000000,14.048105426999999,all
958,1780,16.324394974099999,111.978499467000010,0.937581540000000,13.763638276800000,all
959,1781,16.324382219800000,111.978498096000000,1.211930400000000,13.711752049099999,all
960,1784,16.324363075299999,111.978496122000000,1.315934000000000,13.634104128000001,all
961,1786,16.324363062900002,111.978496220000000,0.960007300000000,13.634104128000001,all
962,1787,16.324350315000000,111.978494789000000,1.448253400000000,13.582217900400000,all
963,1788,16.324337530699999,111.978493631000010,0.939871670000000,13.530694513500000,all
964,1789,16.324331154999999,111.978492919999990,1.167942600000000,13.504932820000001,all
965,1790,16.324324759700001,111.978492360999990,0.838623400000000,13.478808285800000,all
966,1791,16.324305616600000,111.978490337000000,1.122514700000000,13.401160364700001,all
967,1794,16.324267305399999,111.978486434999990,1.145989800000000,13.245864522500000,all
968,1797,16.324197046900000,111.978479284000000,1.152268800000000,12.961034531599999,all
969,1799,16.324177872800000,111.978477383000000,0.965473350000000,12.883386610500001,all
970,1801,16.324171493000001,111.978476654000000,1.252764800000000,12.857624917000001,all
971,1803,16.324165103900000,111.978476004000000,1.250845600000000,12.831500382800000,all
972,1806,16.324120384200000,111.978471304000000,1.769168500000000,12.650442847100001,all
973,1807,16.324113976000000,111.978470778000000,1.307238500000000,12.624318312900000,all
974,1809,16.324107583699998,111.978470125000000,1.312252200000000,12.598556619500000,all
975,1810,16.324107580100002,111.978470153999990,1.207441100000000,12.598556619500000,all
976,1811,16.324094808700000,111.978468737000000,1.621594900000000,12.546670391799999,all
977,1812,16.324088395000000,111.978468246000010,1.033466500000000,12.520545857600000,all
978,1813,16.324069226100001,111.978466189000000,1.400214600000000,12.442897936500000,all
979,1814,16.324056422400002,111.978464997000000,0.985904800000000,12.391011708900001,all
980,1816,16.324043647200000,111.978463588000000,1.367270100000000,12.339125481200000,all
981,1817,16.324037256099999,111.978462906999990,1.469585000000000,12.313363787800000,all
982,1818,16.324030856800000,111.978462281000010,1.370910300000000,12.287239253599999,all
983,1821,16.324018068899999,111.978460930000000,1.534664400000000,12.235353025900000,all
984,1822,16.324018066899999,111.978460946000000,1.476158000000000,12.235353025900000,all
985,1823,16.324011668299999,111.978460307000010,1.423422600000000,12.209591332500001,all
986,1824,16.323998870800001,111.978459032000000,1.306446200000000,12.157705104800000,all
987,1825,16.323986069699998,111.978457769000000,1.144863400000000,12.105818877200001,all
988,1826,16.323979679299999,111.978457054000000,1.371325300000000,12.080057183699999,all
989,1827,16.323973583699999,111.978456479000000,1.193858400000000,12.055384012499999,all
990,1828,16.323973590300000,111.978456427000000,1.382856400000000,12.055384012499999,all
991,1829,16.323954335000000,111.978454445000000,1.434091300000000,11.977010409900000,all
992,1830,16.323954324599999,111.978454527000000,1.134388200000000,11.977010409900000,all
993,1831,16.323941509000001,111.978453027000000,1.821029400000000,11.925124182199999,all
994,1832,16.323922239000002,111.978451124000000,1.572561300000000,11.847113420399999,all
995,1833,16.323922235700000,111.978451151000000,1.476920200000000,11.847113420399999,all
996,1834,16.323909383499998,111.978449914000000,1.193701500000000,11.794864351999999,all
997,1835,16.323909397900000,111.978449800000010,1.609116800000000,11.794864351999999,all
998,1838,16.323890127300000,111.978447870000000,1.458043100000000,11.716853590099999,all
999,1839,16.323883711299999,111.978447161999990,1.643988300000000,11.690729055900000,all
1000,1841,16.323825910600000,111.978441176999990,1.872219600000000,11.456333929600000,all
1001,1842,16.323819470400000,111.978440642000000,1.422087800000000,11.430572236200000,all
1002,1843,16.323787354400000,111.978437269000000,1.708711700000000,11.300312405900000,all
1003,1845,16.323780938399999,111.978436533000010,1.987141000000000,11.274187871700001,all
1004,1847,16.323761645499999,111.978434678000000,1.536352300000000,11.195814269100000,all
1005,1848,16.323755207400001,111.978434111000000,1.199178300000000,11.170052575600000,all
1006,1849,16.323748786700001,111.978433404000000,1.369299800000000,11.143928041400001,all
1007,1850,16.323742362299999,111.978432725999990,1.437052200000000,11.117803507200000,all
1008,1851,16.323742378399999,111.978432599000000,1.900952200000000,11.117803507200000,all
1009,1854,16.323716668700001,111.978429969999990,1.857575500000000,11.013668211200001,all
1010,1855,16.323697389800000,111.978427960000000,1.963126500000000,10.935294608500000,all
1011,1857,16.323678103199999,111.978426010000010,1.844569300000000,10.857283846700000,all
1012,1858,16.323665225199999,111.978424860000000,1.214409200000000,10.805034778300000,all
1013,1860,16.323658817799998,111.978424026000000,1.843394500000000,10.778910244100000,all
1014,1861,16.323633106900001,111.978421367000000,1.891977700000000,10.674774948000000,all
1015,1864,16.323613831700001,111.978419312000000,2.143932800000000,10.596764186200000,all
1016,1866,16.323581675600000,111.978416104999990,1.763746500000000,10.466141515200000,all
1017,1869,16.323562409400001,111.978413947000010,2.382612000000000,10.388130753300000,all
1018,1870,16.323562389900001,111.978414101000000,1.819036400000000,10.388130753300000,all
1019,1871,16.323562373400001,111.978414231000000,1.345216300000000,10.388130753300000,all
1020,1873,16.323555961800000,111.978413432000000,1.842373500000000,10.362006219100000,all
1021,1874,16.323555965000001,111.978413407000010,1.934521100000000,10.362006219100000,all
1022,1875,16.323543111900001,111.978412051000010,2.044984000000000,10.309757150699999,all
1023,1876,16.323530255400001,111.978410714000010,2.080043000000000,10.257870923000000,all
1024,1879,16.323498094600001,111.978407527000000,1.601856400000000,10.127611092800000,all
1025,1881,16.323472377600002,111.978404889999990,1.530198000000000,10.023112956000000,all
1026,1882,16.323465949300001,111.978404225000010,1.534230100000000,9.996988421750000,all
1027,1885,16.323408098800002,111.978398231000000,1.576899900000000,9.762593295429999,all
1028,1886,16.323401679000000,111.978397519000000,1.746373200000000,9.736468761230000,all
1029,1892,16.323363091899999,111.978393714000010,1.058608200000000,9.580084396760000,all
1030,1894,16.323356693200001,111.978392828000000,1.866577300000000,9.553959862559999,all
1031,1896,16.323343836599999,111.978391523000000,1.766611500000000,9.502073634900000,all
1032,1897,16.323343845299998,111.978391454999990,2.017156400000000,9.502073634900000,all
1033,1898,16.323324569200000,111.978389437999990,2.083381200000000,9.423700032290000,all
1034,1899,16.323311723400000,111.978388069000000,2.217052500000000,9.371813804640000,all
1035,1904,16.323298852600001,111.978386894000000,1.639685400000000,9.319564736229999,all
1036,1906,16.323286005700002,111.978385528999990,1.756773700000000,9.267678508580000,all
1037,1910,16.323221771800000,111.978378835000000,1.842686400000000,9.007158848050000,all
1038,1912,16.323208930900002,111.978377468000010,1.959816600000000,8.954909779650000,all
1039,1916,16.323183251500001,111.978374761000000,2.091933700000000,8.850774483590000,all
1040,1925,16.323144700699999,111.978370974000000,1.282322600000000,8.694752959870000,all
1041,1927,16.323138305800001,111.978370111000000,1.992488700000000,8.668628425670001,all
1042,1932,16.323074121600001,111.978363466000000,1.843539700000000,8.408471605900001,all
1043,1934,16.323074116299999,111.978363508000000,1.689792800000000,8.408471605900001,all
1044,1935,16.323067697599999,111.978362858000000,1.620363700000000,8.382347071690001,all
1045,1944,16.322939458499999,111.978349376000000,1.963892900000000,7.862396272900000,all
1046,1951,16.322907407700001,111.978346099000010,1.695803500000000,7.732499283390000,all
1047,1959,16.322849770200001,111.978339964000000,2.075060800000000,7.498829838570000,all
1048,1962,16.322824142799998,111.978337408000000,1.616038300000000,7.394694542510000,all
1049,1971,16.322747333599999,111.978329458000000,1.259976100000000,7.083377176590000,all
1050,1977,16.322721730300000,111.978326915000000,0.747682700000000,6.979604721280000,all
1051,1986,16.322670315000000,111.978321589999990,0.557074960000000,6.771334129160000,all
1052,1996,16.322606640000000,111.978314698000010,1.256546900000000,6.512991513150000,all
1053,2002,16.322530243500001,111.978306715000000,1.046561400000000,6.203125510240000,all
1054,2024,16.322294916299999,111.978282254000010,-0.140649530000000,5.248854330320000,all
1055,2028,16.322275854899999,111.978280205999990,0.005046956200000,5.171569249970000,all
1056,2029,16.322256752400001,111.978278489000000,-1.060721400000000,5.094284169620000,all
1057,2030,16.322256803100000,111.978278090000000,0.398564300000000,5.094284169620000,all
1058,2032,16.322193190699998,111.978271918000000,-1.504651700000000,4.836667235120000,all
1059,2036,16.322167744400002,111.978269471000000,-2.344532700000000,4.733620461320000,all
1060,2054,16.322059668500000,111.978258537000000,-3.928051000000000,4.295308831910000,all
1061,2082,16.321907100600001,111.978242699000010,-4.618657600000000,3.676665348350000,all
1062,2083,16.321881674000000,111.978240003000000,-4.516225000000000,3.573618574540000,all
1063,2084,16.321875451299999,111.978238272000000,-0.622172800000000,3.547856881090000,all
1064,2085,16.321849905299999,111.978236455000000,-3.732369400000000,3.444810107290000,all
1065,2086,16.321850021900001,111.978235545000000,-0.401592000000000,3.444810107290000,all
1066,2087,16.321824587500000,111.978232829000010,-0.220051620000000,3.341763333490000,all
1067,2089,16.321722779500000,111.978222207000000,-0.340576950000000,2.928850556780000,all
1068,2092,16.321690930999999,111.978219032000000,-0.893821900000000,2.799679248770000,all
1069,2095,16.321665434300002,111.978216603000010,-1.739359100000000,2.696632474970000,all
1070,2096,16.321633602500000,111.978213182000000,-1.382492800000000,2.567461166970000,all
1071,2097,16.321633579499998,111.978213362999990,-2.045161700000000,2.567461166970000,all
1072,2098,16.321608100500001,111.978210684000000,-1.967706400000000,2.464051552410000,all
1073,2099,16.321588945199998,111.978209009000000,-3.128367000000000,2.386403631310000,all