FID,ID,x,y,z,d,txt
0,48,16.169169076300001,111.569458062000000,-3.232300500000000,1.148666666670000,all
1,53,16.169201020199999,111.569454808000000,-3.504921200000000,1.386666666670000,all
2,54,16.169207403500000,111.569454271000000,-3.023387700000000,1.434000000000000,all
3,62,16.169252129099998,111.569449779000000,-3.095768000000000,1.766666666670000,all
4,64,16.169264907199999,111.569448518000000,-3.008666300000000,1.862000000000000,all
5,66,16.169264910900001,111.569448456000000,-3.302564100000000,1.862000000000000,all
6,74,16.169316037300000,111.569443315000000,-3.393053800000000,2.242666666670000,all
7,88,16.169386365899999,111.569435876000000,-5.236570000000000,2.766666666670000,all
8,90,16.169405550899999,111.569433842000000,-5.756884600000000,2.910000000000000,all
9,115,16.169469497000001,111.569427402000000,-5.868911300000000,3.386000000000000,all
10,117,16.169475879200000,111.569427073000000,-4.395925000000000,3.433333333330000,all
11,118,16.169475892600001,111.569426759000000,-5.876576000000000,3.433333333330000,all
12,122,16.169488684899999,111.569425486000000,-5.825603500000000,3.528666666670000,all
13,134,16.169520667099999,111.569422266000000,-5.866210000000000,3.766666666670000,all
14,137,16.169527050900001,111.569421934999990,-4.398541000000000,3.814000000000000,all
15,141,16.169552641999999,111.569419279000000,-4.807386000000000,4.004666666670000,all
16,146,16.169578222399998,111.569417036000000,-3.262326200000000,4.195333333330000,all
17,150,16.169584620599998,111.569416407000010,-3.198037000000000,4.242666666670000,all
18,151,16.169597424300001,111.569414972000000,-3.899223300000000,4.338000000000000,all
19,152,16.169597423199999,111.569414998000000,-3.777570200000000,4.338000000000000,all
20,163,16.169635820100002,111.569411198000000,-3.503281800000000,4.624000000000000,all
21,167,16.169661417699999,111.569408741999990,-2.950545300000000,4.814666666670000,all
22,172,16.169680615600001,111.569406951000000,-2.290146600000000,4.957333333330000,all
23,183,16.169738241400001,111.569401137000000,-2.387933000000000,5.386666666670000,all
24,185,16.169744642500000,111.569400555000000,-2.096119400000000,5.434000000000000,all
25,188,16.169751045200002,111.569399941000000,-1.955543200000000,5.482000000000000,all
26,200,16.169795876599999,111.569395429000000,-1.970686800000000,5.816000000000000,all
27,208,16.169827900400001,111.569392321000000,-1.432187300000000,6.054000000000000,all
28,220,16.169866343599999,111.569388427000010,-1.558495400000000,6.340666666670000,all
29,232,16.169911203700000,111.569383833000000,-1.943394900000000,6.674666666670000,all
30,244,16.169943244500001,111.569380770000000,-1.181553600000000,6.913333333330000,all
31,252,16.169975297800001,111.569377434000000,-1.704573000000000,7.152000000000000,all
32,270,16.170026589399999,111.569372267000010,-1.733318700000000,7.534000000000000,all
33,276,16.170032991199999,111.569371868000000,-0.572108200000000,7.581333333330000,all
34,281,16.170045819500000,111.569370477000010,-1.048653100000000,7.677333333330000,all
35,288,16.170065060300001,111.569368491000010,-1.285186800000000,7.820666666670000,all
36,294,16.170090716299999,111.569365858000000,-1.529165000000000,8.011333333330001,all
37,309,16.170135622099998,111.569361212999990,-2.133915700000000,8.346000000000000,all
38,315,16.170180529600000,111.569356677000000,-2.218756400000000,8.680666666670000,all
39,318,16.170193358700001,111.569355411000000,-2.104973300000000,8.776000000000000,all
40,321,16.170199773299998,111.569354805000000,-1.920155500000000,8.824000000000000,all
41,325,16.170199767700002,111.569354937000000,-1.298382000000000,8.823333333330000,all
42,333,16.170219023700000,111.569352847999990,-2.016283000000000,8.967333333330000,all
43,335,16.170231684299999,111.569351536000000,-2.297748800000000,9.061333333330000,all
44,353,16.170276687200001,111.569347048000000,-2.074948800000000,9.396666666670001,all
45,354,16.170276686699999,111.569347060000000,-2.017258400000000,9.396666666670001,all
46,362,16.170315264700001,111.569343234000000,-1.726438400000000,9.683999999999999,all
47,363,16.170315272700002,111.569343047000000,-2.610279600000000,9.683999999999999,all
48,368,16.170347419999999,111.569339937000000,-2.001261700000000,9.923333333330000,all
49,375,16.170373145500001,111.569337293999990,-2.248946200000000,10.115333333300001,all
50,378,16.170379567200001,111.569336862000000,-1.231896200000000,10.162666666700000,all
51,381,16.170386004200001,111.569336075000000,-1.891801400000000,10.210666666700000,all
52,386,16.170398864199999,111.569334806000000,-1.770037400000000,10.306666666700000,all
53,390,16.170405292600002,111.569334176000000,-1.686210300000000,10.354666666700000,all
54,397,16.170456739100000,111.569329051000000,-1.433208100000000,10.737333333300001,all
55,403,16.170463172400002,111.569328350000010,-1.686863300000000,10.785333333300001,all
56,406,16.170476036099998,111.569327018000000,-1.866218800000000,10.881333333300001,all
57,409,16.170476034099998,111.569327066000000,-1.640196700000000,10.881333333300001,all
58,423,16.170521044200001,111.569322681000000,-0.966546000000000,11.215999999999999,all
59,430,16.170540341300001,111.569320597000000,-1.650134900000000,11.359999999999999,all
60,432,16.170540340399999,111.569320617000000,-1.553847800000000,11.359999999999999,all
61,434,16.170546772300000,111.569319939000000,-1.704253400000000,11.407999999999999,all
62,445,16.170578924800001,111.569316679000000,-1.835534800000000,11.647333333300001,all
63,468,16.170643211400002,111.569310349999990,-1.227014500000000,12.125999999999999,all
64,477,16.170668925200001,111.569307783000000,-1.160018900000000,12.317333333300001,all
65,488,16.170707495100000,111.569303848000000,-1.466720600000000,12.604666666700000,all
66,498,16.170746053100000,111.569300048000000,-1.148367800000000,12.891999999999999,all
67,499,16.170752478299999,111.569299427000000,-1.040280200000000,12.940000000000000,all
68,500,16.170752482200001,111.569299335000000,-1.472640200000000,12.940000000000000,all
69,507,16.170765329000002,111.569298141000000,-1.027936300000000,13.035333333300001,all
70,512,16.170771757099999,111.569297438000010,-1.307452700000000,13.083333333300001,all
71,515,16.170784602200001,111.569296276000000,-0.714855100000000,13.179333333300001,all
72,519,16.170797454999999,111.569294915000000,-1.061888900000000,13.274666666700000,all
73,521,16.170803877099999,111.569294328000000,-0.792213500000000,13.322666666700000,all
74,525,16.170816729300000,111.569292949000000,-1.225423600000000,13.418666666700000,all
75,533,16.170835999299999,111.569291036000000,-1.146372000000000,13.561999999999999,all
76,539,16.170861682200002,111.569288584000010,-0.585330300000000,13.753333333300001,all
77,542,16.170868105200000,111.569287921000000,-0.680985900000000,13.800666666700000,all
78,550,16.170887368900001,111.569286018000000,-0.566561460000000,13.944666666700000,all
79,557,16.170893789699999,111.569285382999990,-0.533301230000000,13.992000000000001,all
80,561,16.170900211999999,111.569284705000000,-0.700439930000000,14.039999999999999,all
81,564,16.170913051599999,111.569283447000000,-0.574292000000000,14.135333333300000,all
82,568,16.170925889599999,111.569282202000000,-0.391848740000000,14.231333333300000,all
83,569,16.170925898000000,111.569282005999990,-1.319636000000000,14.231333333300000,all
84,571,16.170932312500000,111.569281477999990,-0.779169700000000,14.279333333300000,all
85,572,16.170945147400001,111.569280268000000,-0.437927100000000,14.374666666700000,all
86,574,16.170945154599998,111.569280101000000,-1.223946100000000,14.374666666700000,all
87,581,16.170970822699999,111.569277637000000,-0.744578400000000,14.566000000000001,all
88,587,16.170990069599998,111.569275792000000,-0.378965650000000,14.709333333300000,all
89,589,16.170996488699998,111.569275088000000,-0.678468200000000,14.756666666699999,all
90,591,16.170996489800000,111.569275064000000,-0.792432550000000,14.757333333300000,all
91,592,16.170996490899999,111.569275037000000,-0.916803240000000,14.757333333300000,all
92,594,16.171002910300000,111.569274320000010,-1.275177600000000,14.804666666699999,all
93,603,16.171028567000000,111.569271868000000,-0.759947300000000,14.996000000000000,all
94,607,16.171034984799999,111.569271154000010,-1.107898500000000,15.044000000000000,all
95,623,16.171086285200001,111.569266070000000,-0.949966430000000,15.426000000000000,all
96,629,16.171105516800001,111.569264223999990,-0.611594300000000,15.568666666700000,all
97,630,16.171105519000001,111.569264174000000,-0.849925640000000,15.568666666700000,all
98,631,16.171105519699999,111.569264157000010,-0.930152240000000,15.568666666700000,all
99,645,16.171156793200002,111.569259057000000,-0.889121060000000,15.950666666700000,all
100,653,16.171176016000000,111.569257130000000,-0.949777540000000,16.094000000000001,all
101,669,16.171246467300001,111.569250151000010,-0.802266060000000,16.618666666700001,all
102,679,16.171272078699999,111.569247537000000,-1.122617800000000,16.809333333300000,all
103,690,16.171291276800002,111.569245685000000,-0.856602130000000,16.952000000000002,all
104,691,16.171291275800002,111.569245708000000,-0.745268700000000,16.952000000000002,all
105,698,16.171336070199999,111.569241219999990,-0.926648860000000,17.286000000000001,all
106,703,16.171348863700000,111.569239949000010,-0.925793770000000,17.381333333299999,all
107,704,16.171348863500000,111.569239954000000,-0.902041850000000,17.381333333299999,all
108,728,16.171400023099999,111.569234958000000,-0.514006300000000,17.762000000000000,all
109,735,16.171425595199999,111.569232430000000,-0.468690540000000,17.952666666700001,all
110,738,16.171431990700000,111.569231719000000,-0.833799800000000,18.000000000000000,all
111,747,16.171457554000000,111.569229225000000,-0.636099600000000,18.190666666700000,all
112,749,16.171470333999999,111.569227967000000,-0.596448840000000,18.285333333299999,all
113,757,16.171502276599998,111.569224777000000,-0.708388600000000,18.523333333299998,all
114,761,16.171508950400000,111.569224117000000,-0.373970330000000,18.573333333299999,all
115,771,16.171540794399998,111.569220911000000,-0.718288240000000,18.809999999999999,all
116,773,16.171547163100001,111.569220247999990,-0.892282960000000,18.858000000000001,all
117,786,16.171598086300001,111.569215257000000,-0.808996100000000,19.236666666700000,all
118,791,16.171604452499999,111.569214583999990,-1.031691700000000,19.284666666700002,all
119,794,16.171610814699999,111.569213997000010,-0.846199450000000,19.332000000000001,all
120,813,16.171680797499999,111.569207163000000,-0.627573000000000,19.852666666699999,all
121,823,16.171718954599999,111.569203441000000,-0.491945450000000,20.136666666699998,all
122,833,16.171750751699999,111.569200280000000,-0.656307160000000,20.373333333300000,all
123,838,16.171769827999999,111.569198381000010,-0.769362600000000,20.515999999999998,all
124,839,16.171769828300000,111.569198374000000,-0.800104100000000,20.515999999999998,all
125,848,16.171814329299998,111.569194069000010,-0.463363830000000,20.846666666699999,all
126,851,16.171820688600000,111.569193397000010,-0.684955600000000,20.894666666700001,all
127,854,16.171827042699999,111.569192818999990,-0.460785330000000,20.941333333300001,all
128,855,16.171833397400000,111.569192249000000,-0.200437440000000,20.988666666699999,all
129,858,16.171839759600001,111.569191503000000,-0.768462660000000,21.036666666700000,all
130,864,16.171858826699999,111.569189705000000,-0.398923640000000,21.178000000000001,all
131,870,16.171871541400002,111.569188421000010,-0.555667400000000,21.272666666700001,all
132,877,16.171890612199999,111.569186512000000,-0.706616300000000,21.415333333300001,all
133,888,16.171922390799999,111.569183393000000,-0.659324600000000,21.651333333299998,all
134,902,16.171954170599999,111.569180308000000,-0.444851520000000,21.888000000000002,all
135,903,16.171960528800000,111.569179639000000,-0.646965700000000,21.935333333300001,all
136,905,16.171966883400000,111.569179055000010,-0.448267940000000,21.982666666699998,all
137,909,16.171973242300002,111.569178370000000,-0.720989940000000,22.030000000000001,all
138,911,16.171979599400000,111.569177731000000,-0.780955140000000,22.077333333300000,all
139,922,16.172017737499999,111.569173996000000,-0.658804540000000,22.361333333299999,all
140,924,16.172024098200001,111.569173281000000,-1.071937600000000,22.409333333300001,all
141,933,16.172043168300000,111.569171450000000,-0.833733200000000,22.550666666700000,all
142,946,16.172087672300002,111.569167050000000,-0.859010300000000,22.882666666700000,all
143,947,16.172087670200000,111.569167100000000,-0.624980700000000,22.882000000000001,all
144,950,16.172094029000000,111.569166434000000,-0.801252960000000,22.930000000000000,all
145,954,16.172113107600001,111.569164478000000,-1.136352300000000,23.071999999999999,all
146,959,16.172119461099999,111.569163974000010,-0.545171300000000,23.119333333299998,all
147,965,16.172138537599999,111.569162066999990,-0.641062700000000,23.261333333300001,all
148,968,16.172163977400000,111.569159517000000,-0.796778900000000,23.450666666699998,all
149,972,16.172170338899999,111.569158861999990,-0.916090900000000,23.498000000000001,all
150,977,16.172202141800000,111.569155764000000,-0.668343250000000,23.734666666700001,all
151,988,16.172227589900000,111.569153246000000,-0.646323100000000,23.923999999999999,all
152,991,16.172240312900001,111.569152024000000,-0.453945130000000,24.018666666700000,all
153,1020,16.172342163900002,111.569141826000010,-0.813616930000000,24.777333333300000,all
154,1036,16.172393114999998,111.569136789000000,-0.623640500000000,25.156666666700001,all
155,1039,16.172399487800000,111.569136137000000,-0.702840500000000,25.204000000000001,all
156,1045,16.172418605899999,111.569134150000000,-1.080715800000000,25.346666666699999,all
157,1047,16.172424971800002,111.569133671000000,-0.338257900000000,25.393999999999998,all
158,1051,16.172437720000001,111.569132358999990,-0.523135840000000,25.488666666699999,all
159,1053,16.172437721400001,111.569132327000010,-0.671272930000000,25.489333333299999,all
160,1057,16.172444094900001,111.569131698000010,-0.633373200000000,25.536666666700000,all
161,1058,16.172450470099999,111.569131039000000,-0.740110640000000,25.584000000000000,all
162,1060,16.172463219600001,111.569129770999990,-0.708675740000000,25.678666666700000,all
163,1065,16.172482347900001,111.569127845000000,-0.769357900000000,25.821333333300000,all
164,1066,16.172482346399999,111.569127880000000,-0.602946300000000,25.821333333300000,all
165,1077,16.172533375099999,111.569122720000000,-0.835812330000000,26.201333333299999,all
166,1084,16.172571658999999,111.569118931000010,-0.586634400000000,26.486666666700000,all
167,1088,16.172578042400001,111.569118281000000,-0.628072740000000,26.533999999999999,all
168,1092,16.172584428699999,111.569117578000000,-0.921381650000000,26.581333333300002,all
169,1102,16.172609968600000,111.569114994000000,-1.001582900000000,26.771999999999998,all
170,1110,16.172635511300001,111.569112500000000,-0.644853350000000,26.962000000000000,all
171,1117,16.172667458799999,111.569109219000000,-0.942797360000000,27.199999999999999,all
172,1121,16.172680237300000,111.569108001000000,-0.610338450000000,27.295333333300000,all
173,1123,16.172686631099999,111.569107301000000,-0.869044100000000,27.342666666700001,all
174,1125,16.172693020800001,111.569106712000010,-0.607168850000000,27.390000000000001,all
175,1128,16.172705808000000,111.569105382000000,-0.796575370000000,27.485333333300002,all
176,1145,16.172756971300000,111.569100207000010,-0.818153500000000,27.866666666699999,all
177,1149,16.172769766599998,111.569098905999990,-0.848631560000000,27.962000000000000,all
178,1151,16.172782286200000,111.569097772000010,-0.616823260000000,28.055333333299998,all
179,1168,16.172852908399999,111.569090515000000,-0.800784650000000,28.581333333300002,all
180,1169,16.172852910400000,111.569090467000000,-1.026164800000000,28.581333333300002,all
181,1177,16.172878604299999,111.569087874000000,-0.847486800000000,28.772666666700001,all
182,1178,16.172885033400000,111.569087150000000,-1.156776900000000,28.820666666699999,all
183,1181,16.172897882000001,111.569085896999990,-0.855968000000000,28.916000000000000,all
184,1184,16.172904308100001,111.569085255000000,-0.776338760000000,28.963999999999999,all
185,1194,16.172917163600001,111.569083926999990,-0.822650700000000,29.059999999999999,all
186,1205,16.172942878499999,111.569081315000010,-0.694145000000000,29.251333333300000,all
187,1209,16.172949309700002,111.569080630000000,-0.813211440000000,29.299333333300002,all
188,1210,16.172949311299998,111.569080593000000,-0.988528430000000,29.299333333300002,all
189,1211,16.172949309600000,111.569080633000000,-0.801322700000000,29.299333333300002,all
190,1223,16.172994332900000,111.569075991999990,-0.876727640000000,29.634666666699999,all
191,1228,16.173007199200001,111.569074660000000,-0.919144330000000,29.730666666699999,all
192,1236,16.173032939599999,111.569072017000000,-0.898981630000000,29.922000000000001,all
193,1240,16.173071562200001,111.569068051000000,-0.851656700000000,30.210000000000001,all
194,1251,16.173097316300002,111.569065427000000,-0.719698900000000,30.402000000000001,all
195,1256,16.173110197600000,111.569064100000010,-0.715075850000000,30.498000000000001,all
196,1258,16.173116639600000,111.569063406000000,-0.861067950000000,30.545999999999999,all
197,1266,16.173148848899999,111.569060046999990,-1.043061900000000,30.786000000000001,all
198,1277,16.173174619299999,111.569057441000000,-0.798943160000000,30.977333333299999,all
199,1285,16.173206842900001,111.569054093999990,-0.903824900000000,31.217333333300001,all
200,1291,16.173226177899998,111.569052080000010,-0.995299600000000,31.361999999999998,all
201,1293,16.173239071699999,111.569050721000000,-1.126423400000000,31.457999999999998,all
202,1299,16.173277753800001,111.569046771000000,-0.921531560000000,31.745999999999999,all
203,1319,16.173342241299999,111.569040193000010,-0.537523600000000,32.225999999999999,all
204,1320,16.173342246600001,111.569040070000000,-1.115082100000000,32.226666666699998,all
205,1324,16.173355142799998,111.569038815000000,-0.750485660000000,32.322666666700002,all
206,1331,16.173374498200001,111.569036737000000,-1.129499200000000,32.466666666700000,all
207,1336,16.173387397300001,111.569035472000000,-0.809528230000000,32.562666666699997,all
208,1348,16.173419658200000,111.569032062000010,-1.179471900000000,32.803333333300003,all
209,1357,16.173451915000001,111.569028751000000,-1.089832000000000,33.043333333299998,all
210,1365,16.173471272899999,111.569026742999990,-1.133416700000000,33.187333333300003,all
211,1386,16.173555162600000,111.569018060000000,-1.258202700000000,33.812666666699997,all
212,1388,16.173561612099999,111.569017481000000,-0.850635950000000,33.860666666699998,all
213,1393,16.173574524799999,111.569016003000000,-1.546706600000000,33.956666666700002,all
214,1397,16.173587430500000,111.569014667000000,-1.571084600000000,34.052666666699999,all
215,1403,16.173606787200001,111.569012740000010,-1.249762500000000,34.197333333300001,all
216,1409,16.173639049300000,111.569009490000000,-0.899322030000000,34.437333333300003,all
217,1415,16.173664860700001,111.569006791000010,-1.095689200000000,34.629333333300004,all
218,1430,16.173710024799998,111.569002196000000,-0.847235860000000,34.966000000000001,all
219,1432,16.173710028799999,111.569002103000000,-1.287587800000000,34.966000000000001,all
220,1433,16.173710025500000,111.569002178000010,-0.931383850000000,34.966000000000001,all
221,1435,16.173716479799999,111.569001464000000,-1.171111800000000,35.014000000000003,all
222,1441,16.173735836300001,111.568999457000000,-1.250946400000000,35.158000000000001,all
223,1447,16.173748741000001,111.568998097000010,-1.414179300000000,35.254666666699997,all
224,1450,16.173755190600001,111.568997477000000,-1.209817200000000,35.302666666699999,all
225,1455,16.173780994900000,111.568994829999990,-1.199948800000000,35.494666666699999,all
226,1474,16.173826146300001,111.568990192000000,-1.226297600000000,35.831333333300002,all
227,1475,16.173826145100001,111.568990220000000,-1.094709400000000,35.831333333300002,all
228,1478,16.173839046200001,111.568988871000000,-1.219173800000000,35.927333333299998,all
229,1483,16.173851941999999,111.568987587000000,-1.041758300000000,36.023333333300002,all
230,1485,16.173858396300002,111.568986800000000,-1.640270600000000,36.071333333299997,all
231,1486,16.173858393300002,111.568986871000010,-1.304924600000000,36.071333333299997,all
232,1489,16.173864842699999,111.568986193000000,-1.385782700000000,36.119333333299998,all
233,1493,16.173871289499999,111.568985572000000,-1.200799100000000,36.167333333300000,all
234,1499,16.173890630599999,111.568983624000000,-1.053872200000000,36.311333333299999,all
235,1503,16.173897080600000,111.568982908000000,-1.320333100000000,36.359333333300000,all
236,1523,16.173961546200001,111.568976268000000,-1.569723700000000,36.839333333299997,all
237,1524,16.173961544800001,111.568976301000010,-1.414672300000000,36.839333333299997,all
238,1543,16.174025983400000,111.568969749000000,-1.338652100000000,37.319333333300001,all
239,1545,16.174038868899999,111.568968392000000,-1.555733600000000,37.415333333299998,all
240,1551,16.174058193099999,111.568966458000010,-1.404544400000000,37.559333333300003,all
241,1555,16.174064634499999,111.568965793999990,-1.448714400000000,37.607333333299998,all
242,1559,16.174084081099998,111.568963831999990,-1.175449500000000,37.752000000000002,all
243,1561,16.174084081099998,111.568963833000000,-1.174372300000000,37.752000000000002,all
244,1562,16.174084081600000,111.568963821000000,-1.229682900000000,37.752000000000002,all
245,1564,16.174096939399998,111.568962532000000,-1.182224000000000,37.847999999999999,all
246,1584,16.174154794800000,111.568956693999990,-1.181625400000000,38.278666666699998,all
247,1587,16.174167646600001,111.568955411000000,-1.126984000000000,38.374666666700001,all
248,1592,16.174186924099999,111.568953471000000,-1.122790200000000,38.518000000000001,all
249,1605,16.174231895100000,111.568948920000000,-1.264658700000000,38.853333333300000,all
250,1609,16.174244739500001,111.568947659000000,-1.132191500000000,38.948666666699999,all
251,1610,16.174244743999999,111.568947554999990,-1.622868700000000,38.948666666699999,all
252,1613,16.174251159200001,111.568947075000000,-0.844863300000000,38.996666666700001,all
253,1616,16.174257583599999,111.568946376000000,-1.104069800000000,39.044666666700003,all
254,1619,16.174264005700000,111.568945721000010,-1.155002800000000,39.091999999999999,all
255,1624,16.174296107899998,111.568942517000000,-1.088870300000000,39.331333333300002,all
256,1628,16.174308946299998,111.568941249999990,-1.000066200000000,39.426666666700001,all
257,1639,16.174334619600000,111.568938669999990,-1.058525700000000,39.618000000000002,all
258,1640,16.174341041800002,111.568937928000000,-1.531064600000000,39.665999999999997,all
259,1641,16.174341038000001,111.568938016000000,-1.115826100000000,39.665999999999997,all
260,1642,16.174347459200000,111.568937289999990,-1.514933100000000,39.713999999999999,all
261,1646,16.174360290500001,111.568936075000000,-1.195863100000000,39.809333333300003,all
262,1661,16.174405201199999,111.568931553000000,-1.387309400000000,40.143999999999998,all
263,1663,16.174418033500000,111.568930210999990,-1.688900200000000,40.239333333300003,all
264,1666,16.174424446900002,111.568929581000010,-1.643068800000000,40.287333333299998,all
265,1668,16.174430858600001,111.568928963999990,-1.541627200000000,40.334666666700002,all
266,1686,16.174475742799999,111.568924545000000,-1.323721500000000,40.669333333300003,all
267,1692,16.174494975199998,111.568922635000010,-1.317705900000000,40.812666666699997,all
268,1701,16.174539837099999,111.568918200000000,-1.243925700000000,41.146666666700000,all
269,1712,16.174591093800000,111.568913142000000,-1.154015100000000,41.527999999999999,all
270,1716,16.174610312399999,111.568911203000000,-1.336179600000000,41.671333333299998,all
271,1722,16.174623117900001,111.568910018000000,-0.955932440000000,41.766666666699997,all
272,1734,16.174661544100001,111.568906157000000,-1.272602000000000,42.052666666699999,all
273,1761,16.174763958100002,111.568896076000000,-1.253278700000000,42.815333333300003,all
274,1762,16.174763961299998,111.568896001000000,-1.605018900000000,42.815333333300003,all
275,1763,16.174763958500002,111.568896067000000,-1.296521100000000,42.815333333300003,all
276,1767,16.174776755300002,111.568894832000000,-1.188660700000000,42.910666666700003,all
277,1768,16.174783156499998,111.568894142000000,-1.475770400000000,42.957999999999998,all
278,1771,16.174789555099998,111.568893505999990,-1.512594500000000,43.006000000000000,all
279,1796,16.174866317700001,111.568885971000000,-1.538115900000000,43.577333333299997,all
280,1800,16.174872711399999,111.568885388000000,-1.335598600000000,43.625333333299999,all
281,1802,16.174879108500001,111.568884696000000,-1.644730000000000,43.672666666700003,all
282,1811,16.174898294100000,111.568882796000000,-1.747104000000000,43.815333333300003,all
283,1816,16.174904685900000,111.568882234000000,-1.445302000000000,43.863333333299998,all
284,1817,16.174904683899999,111.568882282000000,-1.222189200000000,43.863333333299998,all
285,1821,16.174911079800001,111.568881618000010,-1.400155700000000,43.910666666700003,all
286,1830,16.174943047399999,111.568878518999990,-1.275756100000000,44.148666666700002,all
287,1834,16.174955834500000,111.568877249000000,-1.368748900000000,44.244000000000000,all
288,1838,16.174968617299999,111.568876019000000,-1.283250900000000,44.339333333299997,all
289,1841,16.174981405299999,111.568874674000000,-1.736455200000000,44.434666666699997,all
290,1847,16.174987795900002,111.568874085000000,-1.571229300000000,44.481999999999999,all
291,1868,16.175058096899999,111.568867284000010,-1.309397100000000,45.005333333300001,all
292,1872,16.175070880500002,111.568865965000000,-1.658543100000000,45.100666666700000,all
293,1897,16.175153939099999,111.568857909000000,-1.531080200000000,45.718666666700003,all
294,1899,16.175160327699999,111.568857285000010,-1.542185900000000,45.766666666699997,all
295,1901,16.175166715200000,111.568856685000000,-1.445172700000000,45.814000000000000,all
296,1906,16.175179491900000,111.568855437000000,-1.474691400000000,45.909333333299998,all
297,1913,16.175205040700000,111.568852953000000,-1.482391200000000,46.099333333300002,all
298,1914,16.175205040900000,111.568852949000000,-1.498493200000000,46.099333333300002,all
299,1917,16.175211427699999,111.568852347999990,-1.405404400000000,46.146666666700000,all
300,1922,16.175224204900001,111.568851081000010,-1.529592800000000,46.241999999999997,all
301,1928,16.175243365299998,111.568849235000000,-1.461675900000000,46.384666666699999,all
302,1943,16.175275298900001,111.568846175000000,-1.278931500000000,46.622666666699999,all
303,1945,16.175275302700001,111.568846085999990,-1.698848500000000,46.622666666699999,all
304,1948,16.175294463400000,111.568844218000000,-1.738668800000000,46.765333333299999,all
305,1954,16.175313622800001,111.568842368000010,-1.699812300000000,46.908000000000001,all
306,1956,16.175313620299999,111.568842427000010,-1.422796200000000,46.908000000000001,all
307,1962,16.175326393799999,111.568841176000010,-1.482707100000000,47.002666666700001,all
308,1968,16.175351971400001,111.568838717999990,-1.330174200000000,47.193333333299996,all
309,1969,16.175351969899999,111.568838752999990,-1.166316600000000,47.193333333299996,all
310,1971,16.175358356299999,111.568838080000010,-1.423991700000000,47.240666666700001,all
311,1977,16.175383893700001,111.568835550000000,-1.700511800000000,47.430666666699999,all
312,1978,16.175383893900001,111.568835545000000,-1.720572100000000,47.430666666699999,all
313,1980,16.175390274700000,111.568835001000000,-1.374832300000000,47.478666666700001,all
314,1989,16.175409426100000,111.568833105000000,-1.576916700000000,47.621333333300001,all
315,1992,16.175422189100001,111.568831977000000,-1.067850500000000,47.716000000000001,all
316,2009,16.175473260600000,111.568826984000000,-1.319296100000000,48.095999999999997,all
317,2012,16.175479645399999,111.568826345000010,-1.422515600000000,48.143999999999998,all
318,2036,16.175569021000001,111.568817688000000,-1.491348700000000,48.809333333300003,all
319,2048,16.175626479799998,111.568812085999990,-1.712743900000000,49.236666666700003,all
320,2071,16.175696713600001,111.568805311000010,-1.635869400000000,49.759999999999998,all
321,2083,16.175741414800001,111.568800975000000,-1.695939200000000,50.092666666699998,all
322,2087,16.175747800900002,111.568800361000000,-1.679537800000000,50.140000000000001,all
323,2094,16.175766961800001,111.568798466999990,-1.872206100000000,50.282666666700003,all
324,2095,16.175786120600002,111.568796647000000,-1.713338900000000,50.425333333300003,all
325,2100,16.175805278799999,111.568794862000000,-1.384629100000000,50.567999999999998,all
326,2101,16.175805278999999,111.568794858000000,-1.404475700000000,50.567999999999998,all
327,2114,16.175837212899999,111.568791791000000,-1.294230700000000,50.805999999999997,all
328,2121,16.175856375999999,111.568789960999990,-1.176115500000000,50.948666666699999,all
329,2138,16.175907491299998,111.568784894000000,-1.728163400000000,51.329333333299999,all
330,2139,16.175907489400000,111.568784937999990,-1.524074600000000,51.329333333299999,all
331,2144,16.175920268999999,111.568783663999990,-1.690761200000000,51.423999999999999,all
332,2145,16.175926660900000,111.568783016000000,-1.830476200000000,51.472000000000001,all
333,2149,16.175933049899999,111.568782416000000,-1.738569500000000,51.519333333299997,all
334,2154,16.175945830400000,111.568781169999990,-1.771665500000000,51.614666666700003,all
335,2157,16.175958610199999,111.568779932000000,-1.768579500000000,51.709333333300002,all
336,2160,16.175965002300000,111.568779277999990,-1.933674600000000,51.757333333299997,all
337,2168,16.175996955700001,111.568776227000000,-1.709690000000000,51.995333333300003,all
338,2184,16.176035309200000,111.568772466000000,-1.899486200000000,52.280666666700000,all
339,2186,16.176035308900001,111.568772473000000,-1.866662600000000,52.280666666700000,all
340,2188,16.176035304599999,111.568772572000000,-1.401963600000000,52.280666666700000,all
341,2200,16.176073656300002,111.568768922999990,-1.049804700000000,52.566000000000003,all
342,2202,16.176080057699998,111.568768119000000,-1.915485900000000,52.613999999999997,all
343,2204,16.176086453200000,111.568767456000000,-2.111359600000000,52.661333333300000,all
344,2207,16.176092845100001,111.568766882000010,-1.891594500000000,52.709333333300002,all
345,2214,16.176105632300001,111.568765666000000,-1.766623700000000,52.804000000000002,all
346,2215,16.176105626100000,111.568765811000010,-1.085274000000000,52.804000000000002,all
347,2217,16.176105627199998,111.568765785000000,-1.204262700000000,52.804000000000002,all
348,2219,16.176112027399999,111.568765028000000,-1.846388200000000,52.851999999999997,all
349,2230,16.176150390899998,111.568761431000000,-1.220608200000000,53.137333333299999,all
350,2237,16.176169580200000,111.568759547000000,-1.305370900000000,53.280000000000001,all
351,2240,16.176182368900001,111.568758371000000,-0.982528100000000,53.375333333299999,all
352,2247,16.176201561799999,111.568756441000000,-1.279470900000000,53.518666666700000,all
353,2253,16.176220753300001,111.568754580000000,-1.242375700000000,53.661333333300000,all
354,2268,16.176265538100001,111.568750232000000,-1.177696200000000,53.994666666699999,all
355,2269,16.176271936700001,111.568749593000010,-1.248484600000000,54.042666666700001,all
356,2272,16.176278333999999,111.568749010000000,-1.056369200000000,54.090000000000003,all
357,2292,16.176335935800001,111.568743354000010,-1.237642300000000,54.518666666700000,all
358,2308,16.176393550699999,111.568737727000000,-1.241735000000000,54.948000000000000,all
359,2314,16.176406359900000,111.568736361000010,-1.781138300000000,55.043333333299998,all
360,2331,16.176470393999999,111.568730165000010,-1.463720800000000,55.520000000000003,all
361,2338,16.176489604099999,111.568728341000000,-1.199041400000000,55.662666666699998,all
362,2343,16.176515224799999,111.568725830000010,-1.205333200000000,55.853999999999999,all
363,2350,16.176528043400001,111.568724441000000,-1.836078200000000,55.949333333299997,all
364,2352,16.176547259900001,111.568722589999990,-1.678725800000000,56.092666666699998,all
365,2361,16.176560074299999,111.568721311000000,-1.787413500000000,56.188000000000002,all
366,2364,16.176566477000001,111.568720783000000,-1.314534100000000,56.235333333299998,all
367,2371,16.176585699600000,111.568718879000000,-1.402606700000000,56.378666666699999,all
368,2383,16.176604920700001,111.568717040000000,-1.174258000000000,56.521333333299999,all
369,2391,16.176636770999998,111.568713774000000,-2.071449500000000,56.758666666700002,all
370,2394,16.176656030499998,111.568712080000000,-1.081796900000000,56.902000000000001,all
371,2396,16.176662454399999,111.568711420000000,-1.201969500000000,56.950000000000003,all
372,2397,16.176668876800001,111.568710775000000,-1.249625700000000,56.997999999999998,all
373,2400,16.176668880400001,111.568710692000000,-1.643255200000000,56.997999999999998,all
374,2402,16.176675303500001,111.568710056000000,-1.646877900000000,57.045999999999999,all
375,2415,16.176707414900001,111.568706969000000,-1.229811100000000,57.284666666699998,all
376,2437,16.176778081599998,111.568699937999990,-1.409681000000000,57.811333333299999,all
377,2441,16.176784505699999,111.568699313000000,-1.355016700000000,57.858666666700003,all
378,2443,16.176790928900001,111.568698712000000,-1.188647500000000,57.906666666699998,all
379,2444,16.176790929399999,111.568698700000000,-1.246055200000000,57.906666666699998,all
380,2456,16.176823055100002,111.568695476000000,-1.440955200000000,58.146000000000001,all
381,2465,16.176868030700000,111.568690993999990,-1.554467300000000,58.480666666700003,all
382,2472,16.176880880999999,111.568689709000000,-1.604015800000000,58.576666666700000,all
383,2480,16.176913003100001,111.568686555000000,-1.452369300000000,58.816000000000003,all
384,2499,16.176977242100001,111.568680288000000,-0.944608750000000,59.293999999999997,all
385,2500,16.176977248600000,111.568680134999990,-1.663775700000000,59.293999999999997,all
386,2503,16.176983671300000,111.568679532000000,-1.501962900000000,59.341999999999999,all
387,2506,16.176990089099998,111.568679020000000,-0.909624800000000,59.389333333300002,all
388,2508,16.176996516599999,111.568678302000000,-1.289125300000000,59.437333333300003,all
389,2510,16.177009361400000,111.568677095000000,-0.964818800000000,59.533333333300000,all
390,2514,16.177022210299999,111.568675784000010,-1.130349600000000,59.628666666699999,all
391,2520,16.177060749100001,111.568671970000000,-1.069120300000000,59.915999999999997,all
392,2524,16.177073600699998,111.568670553000000,-1.736479900000000,60.011333333300001,all
393,2529,16.177080018300000,111.568670006000000,-1.305185700000000,60.059333333300003,all
394,2538,16.177099282299999,111.568668178000000,-0.903074900000000,60.202666666699997,all
395,2539,16.177099289699999,111.568668004000000,-1.724087600000000,60.202666666699997,all
396,2563,16.177182761200001,111.568659645000000,-2.045620000000000,60.824666666699997,all
397,2565,16.177182763699999,111.568659587000000,-2.316777500000000,60.824666666699997,all
398,2566,16.177182750899998,111.568659886000010,-0.909105660000000,60.824666666699997,all
399,2577,16.177221266899998,111.568655996000000,-1.212716000000000,61.111333333300003,all
400,2578,16.177221267699998,111.568655975000000,-1.310518100000000,61.111333333300003,all
401,2581,16.177240519700000,111.568654134000000,-0.975374940000000,61.254666666699997,all
402,2586,16.177246941500002,111.568653397000010,-1.443230000000000,61.302666666699999,all
403,2596,16.177272606999999,111.568650883000000,-1.276208900000000,61.493333333300001,all
404,2597,16.177272612199999,111.568650761000000,-1.851497700000000,61.493333333300001,all
405,2602,16.177285441799999,111.568649552000000,-1.546181900000000,61.589333333299997,all
406,2609,16.177304691300002,111.568647575000000,-1.852135400000000,61.732666666699998,all
407,2613,16.177317516500000,111.568646410000000,-1.338970000000000,61.828000000000003,all
408,2614,16.177323934499999,111.568645690000000,-1.733248400000000,61.875999999999998,all
409,2636,16.177400878600000,111.568638164000010,-1.208249900000000,62.448666666699999,all
410,2639,16.177407291800002,111.568637470000000,-1.478713300000000,62.496666666700001,all
411,2640,16.177407292200002,111.568637459000000,-1.529670400000000,62.496666666700001,all
412,2645,16.177413706799999,111.568636725000000,-1.994621600000000,62.544666666700003,all
413,2648,16.177426526200001,111.568635464000000,-1.939991100000000,62.640000000000001,all
414,2649,16.177426525600001,111.568635478999990,-1.870821600000000,62.640000000000001,all
415,2654,16.177445752299999,111.568633566000000,-1.900436900000000,62.782666666700003,all
416,2664,16.177464978900002,111.568631633000000,-2.022148000000000,62.926000000000002,all
417,2668,16.177471384800000,111.568631035000000,-1.846272700000000,62.973999999999997,all
418,2675,16.177484196200002,111.568629804000000,-1.660682200000000,63.069333333300001,all
419,2678,16.177497008800000,111.568628536000010,-1.651045600000000,63.164666666700001,all
420,2680,16.177497006900001,111.568628579000010,-1.446615500000000,63.164666666700001,all
421,2687,16.177516222700000,111.568626691000010,-1.370650500000000,63.307333333300001,all
422,2691,16.177522628199998,111.568626038000000,-1.454665200000000,63.355333333300003,all
423,2692,16.177522628100000,111.568626041000000,-1.440865500000000,63.355333333300003,all
424,2706,16.177561049099999,111.568622246999990,-1.383336100000000,63.641333333299997,all
425,2709,16.177573848600002,111.568621022000000,-1.176829300000000,63.736666666700003,all
426,2714,16.177586658300001,111.568619598000000,-1.917474000000000,63.832000000000001,all
427,2727,16.177612258000000,111.568617104000000,-1.727093200000000,64.022666666700005,all
428,2731,16.177625053600000,111.568615906999990,-1.397630000000000,64.117999999999995,all
429,2736,16.177650648200000,111.568613328000000,-1.618130400000000,64.308666666700006,all
430,2742,16.177663443499998,111.568612013000010,-1.853892100000000,64.403999999999996,all
431,2747,16.177669836900002,111.568611475000000,-1.404048000000000,64.451333333299999,all
432,2756,16.177695421100001,111.568608900000000,-1.624102800000000,64.641999999999996,all
433,2758,16.177701812799999,111.568608311999990,-1.412273200000000,64.689333333299999,all
434,2763,16.177708207500000,111.568607669000000,-1.466857900000000,64.737333333300001,all
435,2767,16.177714602500000,111.568607012000000,-1.584081800000000,64.784666666700005,all
436,2769,16.177720993200001,111.568606445000000,-1.282346500000000,64.832666666700007,all
437,2770,16.177720994800001,111.568606407999990,-1.456190300000000,64.832666666700007,all
438,2771,16.177720996900000,111.568606359000000,-1.687599800000000,64.832666666700007,all
439,2777,16.177727391499999,111.568605691000000,-1.858563800000000,64.879999999999995,all
440,2783,16.177740174299998,111.568604482000000,-1.601990500000000,64.975333333300000,all
441,2784,16.177740170500002,111.568604570999990,-1.183124700000000,64.975333333300000,all
442,2787,16.177746564800000,111.568603884000000,-1.445836500000000,65.022666666700005,all
443,2793,16.177759351199999,111.568602539000000,-1.836734200000000,65.117999999999995,all
444,2794,16.177759347700000,111.568602619999990,-1.452655100000000,65.117999999999995,all
445,2801,16.177778521299999,111.568600675000000,-1.700629500000000,65.260666666700004,all
446,2803,16.177778520099999,111.568600703000000,-1.568884800000000,65.260666666700004,all
447,2808,16.177784910200000,111.568600065000000,-1.602717800000000,65.308666666700006,all
448,2811,16.177791297999999,111.568599427000000,-1.641547400000000,65.355999999999995,all
449,2814,16.177797690100000,111.568598700000000,-2.095209600000000,65.403333333299997,all
450,2816,16.177804071099999,111.568598245999990,-1.264785900000000,65.451333333299999,all
451,2819,16.177810467299999,111.568597430000000,-2.141742200000000,65.498666666700004,all
452,2826,16.177829625899999,111.568595649000000,-1.624540100000000,65.641333333299997,all
453,2830,16.177836012099998,111.568595007000000,-1.682849800000000,65.688666666700001,all
454,2836,16.177855171499999,111.568593083000000,-1.851583600000000,65.831333333299995,all
455,2847,16.177874323099999,111.568591260000010,-1.546424500000000,65.974000000000004,all
456,2852,16.177880708099998,111.568590610000000,-1.647561800000000,66.022000000000006,all
457,2861,16.177893474000001,111.568589380000010,-1.514563400000000,66.116666666699999,all
458,2870,16.177906240900001,111.568588092000000,-1.661519400000000,66.212000000000003,all
459,2871,16.177906239199999,111.568588129999990,-1.481639700000000,66.212000000000003,all
460,2872,16.177912983599999,111.568587339999990,-1.773363600000000,66.262000000000000,all
461,2889,16.177963841800000,111.568582398000000,-1.630383100000000,66.640666666700000,all
462,2894,16.177976553099999,111.568581166000000,-1.584441400000000,66.735333333300005,all
463,2898,16.177989263299999,111.568579928999990,-1.566481400000000,66.829999999999998,all
464,2909,16.178021032200000,111.568576800000000,-1.695929600000000,67.066666666700002,all
465,2919,16.178040092000000,111.568574943000000,-1.681515000000000,67.208666666699997,all
466,2920,16.178040092900002,111.568574922000000,-1.777487500000000,67.208666666699997,all
467,2927,16.178065497300000,111.568572515000000,-1.440642400000000,67.397333333299997,all
468,2930,16.178071852799999,111.568571801000000,-1.886055600000000,67.445333333299999,all
469,2934,16.178097255200001,111.568569357000000,-1.730877200000000,67.634000000000000,all
470,2946,16.178122656399999,111.568566868999990,-1.787129600000000,67.823333333299999,all
471,2955,16.178141701700000,111.568565092000000,-1.412537600000000,67.964666666699998,all
472,2960,16.178148055299999,111.568564370999990,-1.897667400000000,68.012666666699999,all
473,2962,16.178154399600000,111.568563843000010,-1.469129000000000,68.059333333300003,all
474,2979,16.178198843600001,111.568559427000000,-1.884907400000000,68.390666666700000,all
475,2992,16.178230580400001,111.568556369000010,-1.733660800000000,68.626666666700004,all
476,2995,16.178236926499999,111.568555793000000,-1.536736600000000,68.674000000000007,all
477,3016,16.178287711199999,111.568550749000000,-2.015465300000000,69.052000000000007,all
478,3022,16.178300398699999,111.568549694000000,-1.166633100000000,69.146666666700000,all
479,3040,16.178338493100000,111.568545801000000,-2.051854100000000,69.430000000000007,all
480,3046,16.178351188800001,111.568544567999990,-2.042326200000000,69.524666666700000,all
481,3047,16.178351179900002,111.568544777000000,-1.059304500000000,69.524666666700000,all
482,3056,16.178376581700000,111.568542089999990,-2.084453600000000,69.713999999999999,all
483,3061,16.178389270499999,111.568541041000000,-1.207176600000000,69.808000000000007,all
484,3062,16.178389276099999,111.568540908000000,-1.832296400000000,69.808000000000007,all
485,3063,16.178395618500002,111.568540436000010,-1.148921100000000,69.855333333299996,all
486,3064,16.178395623000000,111.568540330000000,-1.646301600000000,69.855333333299996,all
487,3078,16.178433716400001,111.568536570000010,-1.908119800000000,70.139333333300002,all
488,3088,16.178459111799999,111.568534181999990,-1.522379200000000,70.328000000000003,all
489,3096,16.178478167800002,111.568532211000000,-2.081080200000000,70.469999999999999,all
490,3099,16.178490867299999,111.568531025000000,-1.847962700000000,70.564666666700006,all
491,3110,16.178509919500002,111.568529189000000,-1.765450700000000,70.706666666700002,all
492,3114,16.178516270399999,111.568528593000000,-1.662430400000000,70.754000000000005,all
493,3120,16.178522621199999,111.568528003000000,-1.530391700000000,70.801333333299993,all
494,3133,16.178548036900001,111.568525406000010,-2.124141000000000,70.990666666699994,all
495,3139,16.178554387300000,111.568524855000010,-1.806691600000000,71.037333333299998,all
496,3141,16.178560740000002,111.568524256000000,-1.716906400000000,71.084666666700002,all
497,3144,16.178567096799998,111.568523566000000,-2.054631200000000,71.132000000000005,all
498,3145,16.178567095700000,111.568523591000000,-1.936908000000000,71.132000000000005,all
499,3147,16.178573438600001,111.568523234000000,-0.706296560000000,71.179333333299994,all
500,3155,16.178579805100000,111.568522331000000,-2.049438000000000,71.226666666699998,all
501,3160,16.178592502800001,111.568521368000010,-0.757256150000000,71.321333333300004,all
502,3162,16.178598861200001,111.568520652000000,-1.217821600000000,71.368666666699994,all
503,3165,16.178605223900000,111.568519888000000,-1.907251200000000,71.415999999999997,all
504,3166,16.178611571099999,111.568519470000000,-0.961477640000000,71.463333333300000,all
505,3167,16.178617927099999,111.568518854000000,-0.949753000000000,71.510666666700004,all
506,3168,16.178617934900000,111.568518671000010,-1.812215600000000,71.510666666700004,all
507,3175,16.178630648300000,111.568517427000000,-1.843212400000000,71.605333333299996,all
508,3181,16.178649713300000,111.568515675000000,-1.353271600000000,71.747333333300006,all
509,3186,16.178656069100001,111.568515108000000,-1.105687500000000,71.794666666699996,all
510,3187,16.178656074100001,111.568514991000000,-1.657445500000000,71.794666666699996,all
511,3208,16.178719677600000,111.568508733000000,-1.963817100000000,72.268000000000001,all
512,3211,16.178732401900000,111.568507479999990,-2.026747200000000,72.363333333300005,all
513,3212,16.178732394400001,111.568507657000000,-1.192044600000000,72.362666666699994,all
514,3224,16.178745127599999,111.568506256000010,-1.952490800000000,72.457999999999998,all
515,3227,16.178751491500002,111.568505655000000,-1.862346600000000,72.505333333300001,all
516,3230,16.178757852299999,111.568505114000000,-1.488946800000000,72.552666666700006,all
517,3246,16.178796044999999,111.568501401000010,-1.440487700000000,72.836666666699998,all
518,3249,16.178802417600000,111.568500652000000,-2.041560400000000,72.884000000000000,all
519,3255,16.178815150300000,111.568499483000000,-1.696570800000000,72.979333333300005,all
520,3267,16.178840627400000,111.568496994000000,-1.714863900000000,73.168666666700005,all
521,3268,16.178840628900002,111.568496960999990,-1.870398500000000,73.168666666700005,all
522,3276,16.178859739000000,111.568495132000000,-1.701172400000000,73.311333333299999,all
523,3284,16.178891601800000,111.568492008000010,-1.766152700000000,73.548000000000002,all
524,3291,16.178910719800001,111.568490288000010,-1.068255800000000,73.690666666699997,all
525,3297,16.178929852800000,111.568488321000000,-1.529294700000000,73.833333333300004,all
526,3299,16.178929844300001,111.568488519000000,-0.596668700000000,73.832666666700007,all
527,3301,16.178936226299999,111.568487788000000,-1.107482700000000,73.880666666699994,all
528,3302,16.178936222099999,111.568487885000000,-0.649845840000000,73.880666666699994,all
529,3305,16.178942608600000,111.568487058000000,-1.606458100000000,73.927999999999997,all
530,3306,16.178942606600000,111.568487104000000,-1.390392200000000,73.927999999999997,all
531,3307,16.178948982900000,111.568486529000000,-1.165179400000000,73.975333333300000,all
532,3318,16.178974496399999,111.568484150000000,-0.615118300000000,74.165333333299998,all
533,3327,16.179006409399999,111.568480933000000,-1.065037800000000,74.402666666700000,all
534,3328,16.179019179600001,111.568479626000000,-1.336380400000000,74.498000000000005,all
535,3330,16.179019182800001,111.568479550000010,-1.696298000000000,74.498000000000005,all
536,3331,16.179019174699999,111.568479739000000,-0.803753800000000,74.498000000000005,all
537,3343,16.179038332800001,111.568477806000000,-1.074824900000000,74.640666666700000,all
538,3355,16.179063881400001,111.568475300000000,-1.091592600000000,74.830666666699997,all
539,3362,16.179083044799999,111.568473463999990,-0.893827000000000,74.973333333300005,all
540,3366,16.179083043799999,111.568473487000010,-0.785331130000000,74.973333333300005,all
541,3368,16.179089434700000,111.568472818999990,-0.984040400000000,75.021333333300007,all
542,3371,16.179089438100000,111.568472740999990,-1.351636800000000,75.021333333300007,all
543,3374,16.179095828900000,111.568472110000000,-1.372593000000000,75.068666666699997,all
544,3382,16.179127784199999,111.568469126000000,-0.661937100000000,75.306666666699996,all
545,3384,16.179134177500000,111.568468516000000,-0.582899700000000,75.353999999999999,all
546,3387,16.179146972900000,111.568467127000010,-1.214331600000000,75.449333333300004,all
547,3388,16.179146970000001,111.568467193000000,-0.899786800000000,75.449333333300004,all
548,3399,16.179159757899999,111.568466032000000,-0.453259300000000,75.544666666699996,all
549,3401,16.179172557600001,111.568464645000010,-1.073064200000000,75.640000000000001,all
550,3403,16.179172557299999,111.568464653000010,-1.035816600000000,75.640000000000001,all
551,3408,16.179197762000001,111.568462254000000,-0.871550900000000,75.828000000000003,all
552,3410,16.179197759699999,111.568462306000000,-0.624654900000000,75.827333333300004,all
553,3422,16.179217053799999,111.568460235000000,-1.407521500000000,75.971333333299995,all
554,3426,16.179229902300001,111.568459264000000,0.005440861000000,76.066666666700002,all
555,3435,16.179242773100000,111.568457826000000,-0.782490500000000,76.162666666700005,all
556,3438,16.179249204700000,111.568457233999990,-0.576541540000000,76.210666666700007,all
557,3439,16.179249202200001,111.568457292000010,-0.301164500000000,76.210666666700007,all
558,3442,16.179255639800001,111.568456527000000,-0.912122800000000,76.258666666699995,all
559,3447,16.179262067200000,111.568456035000000,-0.231520760000000,76.306666666699996,all
560,3453,16.179287803600001,111.568453557000000,0.089353890000000,76.498000000000005,all
561,3456,16.179294250900000,111.568452656000010,-1.155710000000000,76.546000000000006,all
562,3461,16.179300677499999,111.568452207000010,-0.273527740000000,76.593999999999994,all
563,3464,16.179307112699998,111.568451610000000,-0.085157750000000,76.641999999999996,all
564,3465,16.179307120099999,111.568451436999990,-0.899958250000000,76.641999999999996,all
565,3466,16.179307119200001,111.568451459000000,-0.794526700000000,76.641999999999996,all
566,3468,16.179313547200000,111.568451018999990,0.135317530000000,76.689999999999998,all
567,3477,16.179339310000000,111.568448288000000,-0.718917130000000,76.882000000000005,all
568,3488,16.179384390199999,111.568443921000000,-0.248427990000000,77.217333333300004,all
569,3489,16.179384389700001,111.568443933000000,-0.193272620000000,77.217333333300004,all
570,3490,16.179390838500002,111.568443142000010,-0.909493300000000,77.265333333300006,all
571,3495,16.179397276700001,111.568442610000010,-0.404611300000000,77.313333333299994,all
572,3498,16.179403718600000,111.568441998000000,-0.281877930000000,77.361333333299996,all
573,3499,16.179403724499998,111.568441859000000,-0.936910100000000,77.361333333299996,all
574,3500,16.179403718700001,111.568441995000000,-0.293739500000000,77.361333333299996,all
575,3506,16.179416608000000,111.568440666000000,-0.533327700000000,77.457333333299999,all
576,3510,16.179423053899999,111.568439986000000,-0.727904400000000,77.505333333300001,all
577,3513,16.179429494899999,111.568439424999990,-0.359024100000000,77.553333333300003,all
578,3524,16.179448832500000,111.568437422000000,-0.754341070000000,77.697333333299994,all
579,3530,16.179455275700001,111.568436840000000,-0.482963560000000,77.745333333299996,all
580,3532,16.179461729200000,111.568436045000000,-1.214796500000000,77.793333333299998,all
581,3539,16.179481065600001,111.568434170000000,-1.003008600000000,77.937333333300003,all
582,3541,16.179487512700000,111.568433528000000,-1.013297800000000,77.985333333300005,all
583,3542,16.179493955200002,111.568432996000000,-0.504073900000000,78.033333333300007,all
584,3543,16.179493961199999,111.568432857000000,-1.158037500000000,78.033333333300007,all
585,3552,16.179526198100000,111.568429669000000,-1.087284400000000,78.273333333300002,all
586,3558,16.179558443600001,111.568426444000000,-1.182216300000000,78.513333333299997,all
587,3559,16.179558445600001,111.568426396000010,-1.408906300000000,78.513333333299997,all
588,3564,16.179571345700001,111.568425089000000,-1.526566400000000,78.609999999999999,all
589,3565,16.179571339700001,111.568425231000010,-0.855337140000000,78.609333333300000,all
590,3568,16.179584242099999,111.568423861000000,-1.268451900000000,78.706000000000003,all
591,3574,16.179610047800001,111.568421204000000,-1.691117200000000,78.897999999999996,all
592,3577,16.179616494099999,111.568420637000000,-1.342871800000000,78.945999999999998,all
593,3578,16.179616499100000,111.568420520000000,-1.893308500000000,78.945999999999998,all
594,3587,16.179642309199998,111.568417782000000,-2.697674000000000,79.138000000000005,all
595,3588,16.179642313999999,111.568417692000000,-3.120462400000000,79.138666666700004,all
596,3591,16.179648764400000,111.568417061000010,-3.067833400000000,79.186666666700006,all
597,3594,16.179655206000000,111.568416614000000,-2.148149500000000,79.233999999999995,all
598,3595,16.179655211899998,111.568416475000010,-2.801694900000000,79.234666666699994,all
599,3600,16.179668114999998,111.568415167000000,-2.914602300000000,79.330666666699997,all
600,3602,16.179674572300002,111.568414379999990,-3.598366000000000,79.378666666699999,all
601,3607,16.179681019200000,111.568413835000000,-3.137474300000000,79.426666666700001,all
602,3610,16.179687460899999,111.568413412000000,-2.104449300000000,79.474666666700003,all
603,3611,16.179693910299999,111.568412808000010,-1.922443900000000,79.522666666700005,all
604,3612,16.179693922500000,111.568412548000000,-3.145024300000000,79.522666666700005,all
605,3625,16.179739076899999,111.568408055000010,-3.121681200000000,79.858666666700003,all
606,3631,16.179771322299999,111.568405017000000,-2.290509700000000,80.098666666699998,all
607,3646,16.179816477999999,111.568400408000000,-2.802362000000000,80.435333333299994,all
608,3656,16.179868059600000,111.568395549000000,-1.448683400000000,80.819333333299994,all
609,3659,16.179874513500000,111.568394778000000,-2.055060400000000,80.867333333299996,all
610,3676,16.179913192899999,111.568391081000000,-1.288818100000000,81.155333333300007,all
611,3679,16.179913196000001,111.568391009000000,-1.626985800000000,81.155333333300007,all
612,3687,16.179932534500001,111.568389115000000,-1.460189500000000,81.299333333299998,all
613,3688,16.179938981599999,111.568388427000000,-1.671971700000000,81.347333333300000,all
614,3692,16.179945425400000,111.568387832000000,-1.445998700000000,81.395333333300002,all
615,3693,16.179945420599999,111.568387943999990,-0.916103840000000,81.395333333300002,all
616,3696,16.179951866700002,111.568387247000000,-1.171214600000000,81.443333333300004,all
617,3698,16.179951875499999,111.568387040999990,-2.145570500000000,81.443333333300004,all
618,3705,16.179977648000001,111.568384636999990,-1.347227200000000,81.635333333299997,all
619,3709,16.179990537100000,111.568383328000000,-1.457678000000000,81.731333333300000,all
620,3710,16.179990536599998,111.568383341000000,-1.397692600000000,81.731333333300000,all
621,3714,16.180003429700001,111.568381907000000,-2.093454400000000,81.827333333300004,all
622,3716,16.180003428999999,111.568381922000000,-2.020386000000000,81.827333333300004,all
623,3718,16.180009865700001,111.568381425000000,-1.332387900000000,81.875333333300006,all
624,3720,16.180022747799999,111.568380205000000,-1.022242100000000,81.971333333299995,all
625,3722,16.180029194500001,111.568379449999990,-1.551876500000000,82.019333333299997,all
626,3730,16.180054958900001,111.568376871000000,-1.587281200000000,82.211333333300004,all
627,3740,16.180080717900001,111.568374259000000,-1.781710300000000,82.402666666700000,all
628,3745,16.180106467900000,111.568371733000010,-1.575829100000000,82.594666666699993,all
629,3757,16.180145102099999,111.568367462000000,-3.539059400000000,82.882666666700004,all
630,3761,16.180157958399999,111.568366436000010,-2.323525400000000,82.977999999999994,all
631,3765,16.180170832200002,111.568364937000000,-3.337914200000000,83.073999999999998,all
632,3766,16.180177269200001,111.568364191000000,-3.830389000000000,83.122000000000000,all
633,3767,16.180177268000001,111.568364218000000,-3.700106100000000,83.122000000000000,all
634,3777,16.180196551800002,111.568362529000000,-2.589498500000000,83.266000000000005,all
635,3779,16.180202993599998,111.568361650000000,-3.705677700000000,83.313999999999993,all
636,3780,16.180202993000002,111.568361663000000,-3.644801100000000,83.313999999999993,all
637,3782,16.180215848600000,111.568360479000010,-3.177222500000000,83.409333333299998,all
638,3786,16.180222279399999,111.568359801000000,-3.351333100000000,83.457333333299999,all
639,3790,16.180235132499998,111.568358583000010,-3.044239800000000,83.553333333300003,all
640,3802,16.180280114599999,111.568354120000000,-2.928420500000000,83.888000000000005,all
641,3803,16.180280118199999,111.568354059000000,-3.216060400000000,83.888000000000005,all
642,3809,16.180305809099998,111.568351527000000,-3.071368500000000,84.079333333299999,all
643,3814,16.180318646800000,111.568350354000000,-2.564769000000000,84.174666666700006,all
644,3825,16.180363583199998,111.568345823000000,-2.799467800000000,84.509333333300006,all
645,3826,16.180363578900000,111.568345924000000,-2.326956700000000,84.509333333300006,all
646,3831,16.180376417300000,111.568344524000000,-2.892112500000000,84.605333333299996,all
647,3832,16.180382830100001,111.568343956000010,-2.555691500000000,84.652666666700000,all
648,3835,16.180395662999999,111.568342563000000,-3.097504900000000,84.748666666700004,all
649,3947,16.180804044799999,111.568301731000010,-4.267367000000000,87.790000000000006,all
650,3966,16.180835811800002,111.568298576999990,-4.299482000000000,88.026666666699995,all
651,3967,16.180842165800001,111.568297900999990,-4.525539400000000,88.073999999999998,all
652,3968,16.180842168700000,111.568297831000000,-4.852861000000000,88.073999999999998,all
653,3977,16.180880273300001,111.568294226000010,-4.060282700000000,88.357333333300005,all
654,3986,16.180931076099998,111.568289204000000,-4.038141700000000,88.736000000000004,all
655,3992,16.180943771300001,111.568288034999990,-3.627934500000000,88.829999999999998,all
656,3995,16.180950123799999,111.568287328000000,-4.000782000000000,88.877333333300001,all
657,3998,16.180962830900000,111.568285858000000,-5.012696300000000,88.971999999999994,all
658,4009,16.180988220400000,111.568283458000000,-4.494455300000000,89.161333333300007,all
659,4012,16.181000913900000,111.568282270000000,-4.181061700000000,89.256000000000000,all
660,4017,16.181007258800001,111.568281694000010,-3.937392500000000,89.302666666700006,all
661,4026,16.181039008900001,111.568278255000000,-5.369884000000000,89.539333333299993,all
662,4029,16.181051694400001,111.568277229000000,-4.297966500000000,89.634000000000000,all
663,4035,16.181070732999999,111.568275414000000,-3.989841200000000,89.775333333299997,all
664,4045,16.181089773299998,111.568273601000000,-3.677892000000000,89.917333333299993,all
665,4050,16.181102472700001,111.568272216000000,-4.298347500000000,90.012000000000000,all
666,4061,16.181140552500000,111.568268573000000,-3.762327200000000,90.295333333299993,all
667,4068,16.181146904999999,111.568267832999990,-4.298737500000000,90.342666666699998,all
668,4073,16.181165947699998,111.568265964999990,-4.252431400000000,90.484666666699994,all
669,4077,16.181178639999999,111.568264791999990,-3.878567000000000,90.579333333299999,all
670,4084,16.181210378399999,111.568261729000000,-3.571198000000000,90.815333333300003,all
671,4153,16.181451777300001,111.568237561999990,-5.512080000000000,92.613333333300005,all
672,4157,16.181458140299998,111.568236786000000,-6.223351000000000,92.660666666699996,all
673,4165,16.181483569800001,111.568234335000000,-5.995817700000000,92.849999999999994,all
674,4182,16.181547177999999,111.568228111000000,-5.880697300000000,93.323333333299999,all
675,4191,16.181578995999999,111.568225021000000,-5.719887000000000,93.560666666700001,all
676,4200,16.181610828600000,111.568221812999990,-6.114451400000000,93.797333333300003,all
677,4210,16.181655410200001,111.568217411000010,-6.236857000000000,94.129333333299996,all
678,4218,16.181700007600000,111.568213103000010,-5.916486300000000,94.461333333300004,all
679,4228,16.181744297900000,111.568208782000000,-5.674013600000000,94.791333333300003,all
680,4241,16.181776293999999,111.568205676000010,-5.564879000000000,95.029333333300002,all
681,4270,16.181878772899999,111.568195600000000,-5.832460000000000,95.792666666700001,all
682,4275,16.181898000699999,111.568193674000000,-6.056551000000000,95.936000000000007,all